CASAL (C++ algorithmic stock assessment laboratory)
Call: C:\PROGRA~2\CASAL\casal.exe -e -q -O Parameters-PointEstimates.txt 
Date: Fri Apr 03 05:48:46 2020
v2.30-2016-05-01 23:58:51 UTC (rev.5470)  (c) Copyright 2002-2012, NIWA
User name: kienzlemj
Machine name: NIWA-1017300 (Microsoft Windows, PID=553720)

Random number seed : 56926

A fish of size 70 cm has a weight of 1.37743 kg in your model. This size-weight scale check assumes that the growth curve is in centimetres, and that the catch is in tonnes.

A fish of size 70 cm has a weight of 1.37743 kg in your model. This size-weight scale check assumes that the growth curve is in centimetres, and that the catch is in tonnes.

Estimation section :

Objective function: Bayes

Observations:

The observations are:
wcsiTRLcpue
Tangaroa_propn_at_age_Aug
wcsiLLNage
wcsiTRLage
Fits follow:

wcsiTRLcpue :
relative abundances in time step 2 using selectivity wcsiTRLsel:
year obs     
1987    0.34
1988     0.7
1989    1.45
1990    1.39
1991    0.77
1992    0.82
1993    0.96
1994    0.74
1995    1.14
1996    1.28
1997    1.24
1998    1.23
1999    1.69
2000    0.96
2001    0.99
2002    1.26
2003    0.67
2004    1.28
2005    0.95
2006    0.71
2007    0.53
2008    0.55
2009    0.42
2010     0.8
2011    1.05
2012    0.97
2013    1.04
2014    0.96
2015    1.06
2016    1.44
2017    1.05
2018     1.3
2019    1.26
objective function: lognormal likelihood, with cv = 
0.406079 
0.404475 
0.406079 
0.404475 
0.406079 
0.407922 
0.407922 
0.404475 
0.406079 
0.403113 
0.404475 
0.403113 
0.401995 
0.401995 
0.401995 
0.401995 
0.403113 
0.401995 
0.401995 
0.401995 
0.404475 
0.404475 
0.404475 
0.404475 
0.403113 
0.401995 
0.401123 
0.401123 
0.401123 
0.401123 
0.401123 
0.401123 
0.401123 

Tangaroa_propn_at_age_Aug :
proportions-at-age in time step 2 using selectivity wcsiTANsel with ageing error (constrained to sum to 1):
obs (last class is a plus group):
class       3       4       5       6       7       8       9      10      11      12      13      14      15      16      17      18      19      20      21      22      23 
2000   0.021  0.0433  0.0476  0.0355  0.0317  0.1025  0.0608  0.2001  0.0944  0.0794  0.1029  0.0283   0.039  0.0194  0.0247  0.0115  0.0196  0.0062  0.0044  0.0125  0.0153 
2012  0.0436  0.0477  0.0431  0.0275    0.05  0.0607  0.0761  0.0962  0.0865  0.0718  0.0601  0.0544  0.0418  0.0372  0.0187   0.045  0.0357  0.0266  0.0226  0.0203  0.0345 
2013  0.0339  0.0728  0.0483  0.0305  0.0435  0.0838  0.1055  0.1294  0.0791  0.0896  0.0721  0.0456  0.0241  0.0224  0.0141  0.0228  0.0225  0.0204  0.0127  0.0107  0.0161 
2016   0.029   0.073  0.0574  0.0297  0.0439  0.0653  0.0712  0.0976  0.0916  0.1253  0.0669  0.0725  0.0442  0.0116  0.0339  0.0129  0.0086  0.0097  0.0118  0.0072  0.0366 
objective function: multinomial likelihood, with delta = 1e-006, N =
85 85 85 85 85 85 85 85 85 85 85 85 85 85 85 85 85 85 85 85 85 
93 93 93 93 93 93 93 93 93 93 93 93 93 93 93 93 93 93 93 93 93 
79 79 79 79 79 79 79 79 79 79 79 79 79 79 79 79 79 79 79 79 79 
69 69 69 69 69 69 69 69 69 69 69 69 69 69 69 69 69 69 69 69 69 

wcsiLLNage :
catch proportions-at-age for fishery wcsiLLN  with ageing error (constrained to sum to 1):
obs (last class is a plus group):
class       5       6       7       8       9      10      11      12      13      14      15      16      17      18      19      20      21      22      23 
2003  0.0001  0.0009  0.0199  0.0321  0.0401  0.0592  0.0915  0.1266  0.1053  0.0871  0.0644  0.0555  0.0633  0.0452  0.0306  0.0216  0.0102   0.008  0.1384 
2006  0.0105  0.0312  0.0667   0.104  0.1134  0.1124  0.1359  0.0919  0.0528  0.0559  0.0603  0.0568  0.0404  0.0247  0.0163  0.0044  0.0088   0.002  0.0115 
2007  0.0106   0.021  0.0519  0.0258  0.0839  0.0618  0.0705  0.0646  0.0583  0.0508  0.0385  0.1286   0.024  0.0994  0.0125  0.0075  0.0457  0.0644  0.0802 
2012  0.0001  0.0001  0.0064  0.0241  0.0395   0.058  0.0735  0.0792  0.0725  0.0775  0.0737  0.0947  0.0562  0.0703  0.0811  0.0502  0.0551  0.0303  0.0574 
2015       0       0  0.0086  0.0401  0.1038  0.1192  0.1617  0.1872   0.134  0.0885  0.0443  0.0301  0.0294  0.0206  0.0097  0.0104  0.0083  0.0002   0.004 
objective function: multinomial likelihood, with delta = 1e-006, N =
4 4 4 4 4 4 4 4 4 4 4 4 4 4 4 4 4 4 4 
7 7 7 7 7 7 7 7 7 7 7 7 7 7 7 7 7 7 7 
7 7 7 7 7 7 7 7 7 7 7 7 7 7 7 7 7 7 7 
10 10 10 10 10 10 10 10 10 10 10 10 10 10 10 10 10 10 10 
7 7 7 7 7 7 7 7 7 7 7 7 7 7 7 7 7 7 7 

wcsiTRLage :
catch proportions-at-age for fishery wcsiTRL  with ageing error (constrained to sum to 1):
obs (last class is a plus group):
class       4       5       6       7       8       9      10      11      12      13      14      15      16      17      18      19      20      21 
1991  0.0019 0.00867 0.01289 0.01899 0.05611  0.0498 0.09025 0.08281 0.15009 0.18811 0.07258 0.05073 0.09159 0.05713 0.03708 0.01445 0.01586 0.00099 
1994 0.00774 0.01834 0.03519  0.0685 0.10194 0.10772 0.11276  0.1212 0.07918 0.08546 0.08528 0.08585 0.02536 0.01747 0.02009 0.01457 0.01032 0.00302 
1995 0.01682 0.06364 0.06187 0.10948 0.15091 0.13745 0.07993 0.08568 0.06677 0.05543 0.05655 0.04224 0.02936 0.02177 0.00748 0.00721  0.0045  0.0029 
1996 0.00175 0.02373 0.08429 0.07405 0.11041 0.14819 0.10401 0.09993 0.08899 0.10259 0.06099 0.03557 0.03219 0.00723 0.01149 0.00782 0.00677       0 
1997 0.00172 0.01238 0.04817 0.06349 0.07279 0.10586 0.11388 0.10996 0.13421 0.11345 0.07241  0.0483 0.03144 0.02062 0.02124 0.01856  0.0102 0.00131 
1998 0.00187 0.02442 0.03365 0.03736 0.10008  0.1973 0.14055 0.12717 0.12265 0.06701 0.06402 0.01898 0.01159 0.01773 0.00617 0.01715 0.01091 0.00139 
1999 0.01395 0.02963 0.03469  0.0473 0.12594 0.15679 0.15394  0.1398  0.1034 0.06041 0.04597 0.02203 0.02272 0.00636 0.01647 0.00946 0.00344  0.0077 
2000 0.00982 0.01811 0.02869  0.0487 0.15018 0.05903 0.22023 0.10302 0.09964 0.11077 0.03326 0.04125 0.01814 0.01881 0.01132 0.01375 0.00854 0.00673 
2001 0.01403 0.05539 0.05447 0.04465  0.0712 0.10739 0.12627 0.13957 0.11291 0.07687 0.08282 0.03548 0.03621 0.01367 0.00624 0.01159  0.0057 0.00555 
2002 0.01761 0.03694 0.05798 0.04007 0.11669 0.09607 0.10487 0.13252 0.12371 0.09777 0.06563 0.04098 0.02013 0.01725 0.01262 0.00741 0.00217 0.00957 
2003 0.03285 0.09148 0.06727 0.06107 0.08623 0.07676 0.09691 0.10441  0.1196 0.09167 0.05864 0.03511 0.02532  0.0165 0.01271 0.01781 0.00441 0.00125 
2004 0.03044 0.05463 0.07834  0.0743 0.09378 0.07818 0.06886 0.09857 0.12863 0.10116 0.08263 0.05063 0.02557 0.01746 0.00664 0.00703 0.00305 0.00013 
2005 0.06786 0.07488 0.05466 0.05324 0.07123   0.078 0.08967 0.08949 0.07987 0.07353 0.05728 0.07257 0.05404 0.03832 0.01783 0.01408 0.01324  0.0002 
2006 0.04941 0.11833  0.0798 0.05919 0.06561 0.06954 0.08769 0.09019 0.08653 0.06736 0.05295 0.04615 0.05109 0.04139 0.01866  0.0138 0.00231       0 
2007 0.02471 0.05575 0.05967  0.1226  0.0673 0.09709 0.06128 0.08146 0.07874     0.1 0.06518 0.04571 0.06999 0.03456 0.01691 0.00698 0.01158 0.00052 
2008 0.03857 0.11832 0.05367 0.08796 0.08936 0.06328 0.06939 0.07502 0.07631 0.09375 0.05248 0.05299 0.04412 0.02921 0.03479 0.01599 0.00246 0.00233 
2012 0.02153 0.02233 0.03019 0.05714 0.09593 0.12944 0.13836  0.1328 0.08538 0.05941 0.04983 0.04225 0.03028 0.01933 0.02948   0.022 0.02201 0.01232 
2013  0.0796 0.05844 0.03481 0.04457 0.10696 0.13966 0.13739 0.09946 0.09821 0.07314 0.04187 0.02345 0.01526 0.00953 0.01128 0.00933 0.00995  0.0071 
2014 0.03437  0.0547 0.05906 0.06302 0.06774 0.12645 0.15767 0.10468 0.10847 0.07002 0.03134  0.0481 0.01431 0.01805 0.01359 0.01567       0 0.01273 
2015 0.07272 0.10689 0.04409 0.04556 0.06184 0.09957   0.101  0.0798  0.1041 0.07821 0.05559 0.06646 0.03137 0.01527 0.01568  0.0051 0.01058 0.00617 
2016 0.03036 0.03594 0.02333  0.0305 0.06172  0.0806 0.11638 0.10706 0.13661 0.10345 0.10016 0.05286 0.03012 0.04301  0.0197 0.01236 0.00516 0.01067 
2017 0.07164 0.07809  0.0358 0.02554 0.07583 0.05022 0.09831 0.08444 0.07929 0.08674 0.10079 0.08403 0.04382 0.02961 0.03228 0.00873 0.00781 0.00701 
2018 0.03448 0.05082 0.04179  0.0524 0.07098 0.06187 0.07361  0.0958 0.12667 0.08312 0.10279 0.07914 0.03835  0.0193 0.02899 0.01372 0.00972 0.01647 
2019 0.04729 0.03462 0.03145 0.04188 0.09365 0.08723 0.12274  0.1138 0.11253 0.09054 0.06927 0.06527 0.03296 0.01637 0.01194 0.01082 0.01004  0.0076 
objective function: multinomial likelihood, with delta = 1e-006, N =
33 33 33 33 33 33 33 33 33 33 33 33 33 33 33 33 33 33 
39 39 39 39 39 39 39 39 39 39 39 39 39 39 39 39 39 39 
51 51 51 51 51 51 51 51 51 51 51 51 51 51 51 51 51 51 
30 30 30 30 30 30 30 30 30 30 30 30 30 30 30 30 30 30 
80 80 80 80 80 80 80 80 80 80 80 80 80 80 80 80 80 80 
56 56 56 56 56 56 56 56 56 56 56 56 56 56 56 56 56 56 
56 56 56 56 56 56 56 56 56 56 56 56 56 56 56 56 56 56 
43 43 43 43 43 43 43 43 43 43 43 43 43 43 43 43 43 43 
43 43 43 43 43 43 43 43 43 43 43 43 43 43 43 43 43 43 
78 78 78 78 78 78 78 78 78 78 78 78 78 78 78 78 78 78 
66 66 66 66 66 66 66 66 66 66 66 66 66 66 66 66 66 66 
85 85 85 85 85 85 85 85 85 85 85 85 85 85 85 85 85 85 
66 66 66 66 66 66 66 66 66 66 66 66 66 66 66 66 66 66 
36 36 36 36 36 36 36 36 36 36 36 36 36 36 36 36 36 36 
21 21 21 21 21 21 21 21 21 21 21 21 21 21 21 21 21 21 
45 45 45 45 45 45 45 45 45 45 45 45 45 45 45 45 45 45 
36 36 36 36 36 36 36 36 36 36 36 36 36 36 36 36 36 36 
70 70 70 70 70 70 70 70 70 70 70 70 70 70 70 70 70 70 
26 26 26 26 26 26 26 26 26 26 26 26 26 26 26 26 26 26 
101 101 101 101 101 101 101 101 101 101 101 101 101 101 101 101 101 101 
74 74 74 74 74 74 74 74 74 74 74 74 74 74 74 74 74 74 
70 70 70 70 70 70 70 70 70 70 70 70 70 70 70 70 70 70 
65 65 65 65 65 65 65 65 65 65 65 65 65 65 65 65 65 65 
69 69 69 69 69 69 69 69 69 69 69 69 69 69 69 69 69 69 


Ageing_error:
  Misclassification matrix:
0.904811 0.0475884 5.83201e-006 0 0 0 0 0 0 0 0 0 0 0 0 0 0 0 0 0 0 0 0 0 0 0 
0.105622 0.788391 0.105622 0.000182198 0 0 0 0 0 0 0 0 0 0 0 0 0 0 0 0 0 0 0 0 0 0 
0.00157333 0.157297 0.682248 0.157297 0.00157333 5.83201e-006 0 0 0 0 0 0 0 0 0 0 0 0 0 0 0 0 0 0 0 0 
5.57713e-005 0.00628237 0.196083 0.595158 0.196083 0.00628237 5.57713e-005 0 0 0 0 0 0 0 0 0 0 0 0 0 0 0 0 0 0 0 
5.83201e-006 0.000298814 0.0156538 0.221513 0.525057 0.221513 0.0156538 0.000298814 5.83201e-006 0 0 0 0 0 0 0 0 0 0 0 0 0 0 0 0 0 
0 3.12269e-005 0.00107309 0.0290638 0.23566 0.468343 0.23566 0.0290638 0.00107309 3.12269e-005 0 0 0 0 0 0 0 0 0 0 0 0 0 0 0 0 
0 5.83201e-006 0.000116599 0.00283592 0.0446359 0.24145 0.421911 0.24145 0.0446359 0.00283592 0.000116599 5.83201e-006 0 0 0 0 0 0 0 0 0 0 0 0 0 0 
0 0 2.21519e-005 0.000352257 0.00596373 0.0603917 0.241575 0.38339 0.241575 0.0603917 0.00596373 0.000352257 2.21519e-005 0 0 0 0 0 0 0 0 0 0 0 0 0 
0 0 5.83201e-006 6.31851e-005 0.000868915 0.0105694 0.0748871 0.238096 0.351018 0.238096 0.0748871 0.0105694 0.000868915 6.31851e-005 5.83201e-006 0 0 0 0 0 0 0 0 0 0 0 
0 0 0 1.76561e-005 0.000164542 0.00181897 0.0164674 0.0873361 0.232449 0.323492 0.232449 0.0873361 0.0164674 0.00181897 0.000164542 1.76561e-005 0 0 0 0 0 0 0 0 0 0 
0 0 0 5.83201e-006 4.07787e-005 0.000371793 0.00333349 0.0232663 0.0974771 0.225587 0.299834 0.225587 0.0974771 0.0232663 0.00333349 0.000371793 4.07787e-005 5.83201e-006 0 0 0 0 0 0 0 0 
0 0 0 0 1.50308e-005 9.43067e-005 0.000744898 0.0054839 0.0305034 0.10538 0.218125 0.279307 0.218125 0.10538 0.0305034 0.0054839 0.000744898 9.43067e-005 1.50308e-005 0 0 0 0 0 0 0 
0 0 0 0 5.83201e-006 2.92093e-005 0.000196478 0.00134764 0.00826393 0.0377512 0.111282 0.210453 0.261341 0.210453 0.111282 0.0377512 0.00826393 0.00134764 0.000196478 2.92093e-005 5.83201e-006 0 0 0 0 0 
0 0 0 0 0 1.33291e-005 6.14503e-005 0.000373715 0.0022358 0.0115952 0.0446758 0.115484 0.202813 0.245497 0.202813 0.115484 0.0446758 0.0115952 0.0022358 0.000373715 6.14503e-005 1.33291e-005 0 0 0 0 
0 0 0 0 0 5.83201e-006 2.23847e-005 0.000119357 0.000656488 0.0034463 0.0153489 0.0510516 0.118285 0.195351 0.231426 0.195351 0.118285 0.0510516 0.0153489 0.0034463 0.000656488 0.000119357 2.23847e-005 5.83201e-006 0 0 
0 0 0 0 0 0 1.21442e-005 4.36272e-005 0.00021593 0.00107579 0.00499065 0.0193728 0.0567512 0.119959 0.188153 0.218851 0.188153 0.119959 0.0567512 0.0193728 0.00499065 0.00107579 0.00021593 4.36272e-005 1.21442e-005 0 
0 0 0 0 0 0 5.83201e-006 1.79732e-005 7.9837e-005 0.000366679 0.00165898 0.00685381 0.0235146 0.0617234 0.120737 0.181266 0.207551 0.181266 0.120737 0.0617234 0.0235146 0.00685381 0.00165898 0.000366679 7.9837e-005 2.38052e-005 
0 0 0 0 0 0 0 1.1275e-005 3.29002e-005 0.000138023 0.00058849 0.00242606 0.00899788 0.027639 0.065971 0.120814 0.17471 0.197342 0.17471 0.120814 0.065971 0.027639 0.00899788 0.00242606 0.00058849 0.000182198 
0 0 0 0 0 0 0 5.83201e-006 1.49262e-005 5.72336e-005 0.000226654 0.000898098 0.00338702 0.0113686 0.0316358 0.0695307 0.120347 0.16849 0.188076 0.16849 0.120347 0.0695307 0.0316358 0.0113686 0.00338702 0.00120274 
0 0 0 0 0 0 0 0 1.0612e-005 2.59326e-005 9.50392e-005 0.000355276 0.0013104 0.00454088 0.0139031 0.0354229 0.0724585 0.119461 0.162601 0.179631 0.162601 0.119461 0.0724585 0.0354229 0.0139031 0.00633814 
0 0 0 0 0 0 0 0 5.83201e-006 1.2714e-005 4.32006e-005 0.000151246 0.000533914 0.00183694 0.00587616 0.0165362 0.0389445 0.0748191 0.118257 0.157033 0.171902 0.157033 0.118257 0.0748191 0.0389445 0.0249962 
0 0 0 0 0 0 0 0 0 1.00903e-005 2.11366e-005 6.92336e-005 0.000231508 0.000772348 0.00248477 0.00737261 0.0192065 0.0421674 0.0766787 0.116814 0.15177 0.164803 0.15177 0.116814 0.0766787 0.0723356 
0 0 0 0 0 0 0 0 0 5.83201e-006 1.10445e-005 3.39213e-005 0.000107061 0.000341957 0.00107935 0.00325586 0.00900357 0.0218593 0.0450767 0.0781016 0.115196 0.146797 0.158262 0.146797 0.115196 0.158876 
0 0 0 0 0 0 0 0 0 0 9.66971e-006 1.76823e-005 5.26864e-005 0.000160186 0.000488886 0.00146198 0.00414705 0.0107386 0.024449 0.047671 0.0791472 0.113453 0.142096 0.152214 0.142096 0.281797 
0 0 0 0 0 0 0 0 0 0 5.83201e-006 9.74506e-006 2.74726e-005 7.93813e-005 0.000232481 0.00067837 0.00192507 0.00515051 0.0125459 0.0269395 0.0499588 0.0798691 0.111622 0.137652 0.146608 0.426696 
0 0 0 0 0 0 0 0 0 0 0 9.32368e-006 1.51024e-005 4.15043e-005 0.000116268 0.00032804 0.000915896 0.00247088 0.00625455 0.0143943 0.0293038 0.0519551 0.080315 0.109736 0.133447 0.570698 

Free parameters:

q[wcsiTAN].q
lognormal with mean 0.07, c.v. 0.7 : bounds from 0.001 to 1
current value: 0.3
lower bound: 0.001
upper bound: 1

q[wcsiTRLcpue].q
uniform-log: bounds from 1e-008 to 0.001
current value: 1e-005
lower bound: 1e-008
upper bound: 0.001

initialization.B0
uniform-log: bounds from 10000 to 500000
current value: 200000
lower bound: 10000
upper bound: 500000

selectivity[wcsiTANsel].mature (parameters)
uniform:
bounds of
0.1 0.1 0.1 
100 200 200 
current values: 8 1 150 
lower bounds: 0.1 0.1 0.1 
upper bounds: 100 200 200 

selectivity[wcsiTANsel].immature (parameters)
uniform:
bounds of
3 1 0.001 
3 1 1 
current values: 3 1 0.1 
lower bounds: 3 1 0.001 
upper bounds: 3 1 1 

selectivity[wcsiTRLsel].all (parameters)
uniform:
bounds of
0 0.1 0.1 
50 200 200 
current values: 10 3 150 
lower bounds: 0 0.1 0.1 
upper bounds: 50 200 200 

selectivity[wcsiLLNsel].all (parameters)
uniform:
bounds of
1 1 
20 200 
current values: 13.34 4.23 
lower bounds: 1 1 
upper bounds: 20 200 

recruitment.YCS
lognormal with means 1 1 1 1 1 1 1 1 1 1 1 1 1 1 1 1 1 1 1 1 1 1 1 1 1 1 1 1 1 1 1 1 1 1 1 1 1 1 1 1 1 1 1 1 1 1 1 1 1 c.v.s 0.7 0.7 0.7 0.7 0.7 0.7 0.7 0.7 0.7 0.7 0.7 0.7 0.7 0.7 0.7 0.7 0.7 0.7 0.7 0.7 0.7 0.7 0.7 0.7 0.7 0.7 0.7 0.7 0.7 0.7 0.7 0.7 0.7 0.7 0.7 0.7 0.7 0.7 0.7 0.7 0.7 0.7 0.7 0.7 0.7 0.7 0.7 0.7 0.7 :
bounds of
1 1 1 1 1 1 0.01 0.01 0.01 0.01 0.01 0.01 0.01 0.01 0.01 0.01 0.01 0.01 0.01 0.01 0.01 0.01 0.01 0.01 0.01 0.01 0.01 0.01 0.01 0.01 0.01 0.01 0.01 0.01 0.01 0.01 0.01 0.01 0.01 0.01 0.01 0.01 0.01 0.01 0.01 1 1 1 1 
1 1 1 1 1 1 100 100 100 100 100 100 100 100 100 100 100 100 100 100 100 100 100 100 100 100 100 100 100 100 100 100 100 100 100 100 100 100 100 100 100 100 100 100 100 1 1 1 1 
current values: 1 1 1 1 1 1 1 1 1 1 1.17 1.12 0.62 0.83 0.53 0.7 0.68 0.74 0.76 0.9 0.9 0.92 1.25 0.87 0.8 0.72 0.78 0.67 0.81 0.75 1.02 1.06 1.61 2.46 1.87 1.3 1 1 1 1 1 1 1 1 1 1 1 1 1 
lower bounds: 1 1 1 1 1 1 0.01 0.01 0.01 0.01 0.01 0.01 0.01 0.01 0.01 0.01 0.01 0.01 0.01 0.01 0.01 0.01 0.01 0.01 0.01 0.01 0.01 0.01 0.01 0.01 0.01 0.01 0.01 0.01 0.01 0.01 0.01 0.01 0.01 0.01 0.01 0.01 0.01 0.01 0.01 1 1 1 1 
upper bounds: 1 1 1 1 1 1 100 100 100 100 100 100 100 100 100 100 100 100 100 100 100 100 100 100 100 100 100 100 100 100 100 100 100 100 100 100 100 100 100 100 100 100 100 100 100 1 1 1 1 


Q's:
qs are treated as ordinary free parameters
wcsiTRLcpue has current value 1e-005

Penalties:
clp1 :
Catch limit penalty of 10000 x the sum of squares of (log(actual catch) - log(specified catch)) for fishery wcsiTRL to disencourage breaking exploitation rate limits
clp2 :
Catch limit penalty of 10000 x the sum of squares of (log(actual catch) - log(specified catch)) for fishery wcsiLLN to disencourage breaking exploitation rate limits
YCS_average_1 :
Vector average penalty of 6 x square of (mean(recruitment.YCS) - 1) 

Components of the objective function are:
  wcsiTRLcpue
  Tangaroa_propn_at_age_Aug
  wcsiLLNage
  wcsiTRLage
  prior_on_q[wcsiTAN].q
  prior_on_q[wcsiTRLcpue].q
  prior_on_initialization.B0
  prior_on_selectivity[wcsiTANsel].mature
  prior_on_selectivity[wcsiTANsel].immature
  prior_on_selectivity[wcsiTRLsel].all
  prior_on_selectivity[wcsiLLNsel].all
  prior_on_recruitment.YCS
  clp1
  clp2
  YCS_average_1

Random number seed : 56926


In phase 1 Minimiser achieved convergence after 52 quasi-Newton iterations using 86 objective function evaluations

In phase 2 Minimiser achieved convergence after 59 quasi-Newton iterations using 98 objective function evaluations

The following parameters were estimated at or near a bound:
Parameter        Estimate  lower_bound  upper_bound
q[wcsiTRLcpue].q  4.82287e-005  1e-008  0.001
selectivity[wcsiTANsel].immature[3]  0.00103275  0.001  1

Start extracting output from here

Point estimate:
q[wcsiTAN].q
current value: 0.0384819
lower bound: 0.001
upper bound: 1

q[wcsiTRLcpue].q
current value: 4.82287e-005
lower bound: 1e-008
upper bound: 0.001

initialization.B0
current value: 56516.8
lower bound: 10000
upper bound: 500000

selectivity[wcsiTANsel].mature (parameters)
current values: 62.2115 18.4719 150.045 
lower bounds: 0.1 0.1 0.1 
upper bounds: 100 200 200 

selectivity[wcsiTANsel].immature (parameters)
current values: 3 1 0.00103275 
lower bounds: 3 1 0.001 
upper bounds: 3 1 1 

selectivity[wcsiTRLsel].all (parameters)
current values: 14.9141 5.09118 143.294 
lower bounds: 0 0.1 0.1 
upper bounds: 50 200 200 

selectivity[wcsiLLNsel].all (parameters)
current values: 17.038 6.69698 
lower bounds: 1 1 
upper bounds: 20 200 

recruitment.YCS
current values: 1 1 1 1 1 1 0.369513 0.401161 0.438326 0.488162 0.427153 0.508214 0.449091 0.389483 0.375644 0.421824 0.475879 0.515819 0.594661 0.675967 0.738399 0.627604 1.08889 0.63261 0.618952 0.499006 0.509946 0.491058 0.562684 0.446992 0.535154 0.447969 0.609471 0.880372 0.54258 0.93767 0.757402 0.690045 0.494154 0.417295 0.570172 0.633732 0.472421 0.591814 0.61383 1 1 1 1 
lower bounds: 1 1 1 1 1 1 0.01 0.01 0.01 0.01 0.01 0.01 0.01 0.01 0.01 0.01 0.01 0.01 0.01 0.01 0.01 0.01 0.01 0.01 0.01 0.01 0.01 0.01 0.01 0.01 0.01 0.01 0.01 0.01 0.01 0.01 0.01 0.01 0.01 0.01 0.01 0.01 0.01 0.01 0.01 1 1 1 1 
upper bounds: 1 1 1 1 1 1 100 100 100 100 100 100 100 100 100 100 100 100 100 100 100 100 100 100 100 100 100 100 100 100 100 100 100 100 100 100 100 100 100 100 100 100 100 100 100 1 1 1 1 


In a format suitable for -i :

q[wcsiTAN].q q[wcsiTRLcpue].q initialization.B0 selectivity[wcsiTANsel].mature 3 selectivity[wcsiTANsel].immature 3 selectivity[wcsiTRLsel].all 3 selectivity[wcsiLLNsel].all 2 recruitment.YCS 49 
0.0384819 4.82287e-005 56516.8 62.2115 18.4719 150.045 3 1 0.00103275 14.9141 5.09118 143.294 17.038 6.69698 1 1 1 1 1 1 0.369513 0.401161 0.438326 0.488162 0.427153 0.508214 0.449091 0.389483 0.375644 0.421824 0.475879 0.515819 0.594661 0.675967 0.738399 0.627604 1.08889 0.63261 0.618952 0.499006 0.509946 0.491058 0.562684 0.446992 0.535154 0.447969 0.609471 0.880372 0.54258 0.93767 0.757402 0.690045 0.494154 0.417295 0.570172 0.633732 0.472421 0.591814 0.61383 1 1 1 1 

Objective function : 749.956

Components :
                                       wcsiTRLcpue -15.1834
                         Tangaroa_propn_at_age_Aug 139.206
                                        wcsiLLNage 48.5117
                                        wcsiTRLage 590.817
                             prior_on_q[wcsiTAN].q -3.05804
                         prior_on_q[wcsiTRLcpue].q -9.93956
                        prior_on_initialization.B0 10.9423
           prior_on_selectivity[wcsiTANsel].mature 0
         prior_on_selectivity[wcsiTANsel].immature 0
              prior_on_selectivity[wcsiTRLsel].all 0
              prior_on_selectivity[wcsiLLNsel].all 0
                          prior_on_recruitment.YCS -12.0675
                                              clp1 0
                                              clp2 0
                                     YCS_average_1 0.727211

Fits : 

The observations are:
wcsiTRLcpue
Tangaroa_propn_at_age_Aug
wcsiLLNage
wcsiTRLage
Fits follow:

wcsiTRLcpue :
relative (with q = 4.82287e-005) abundances in time step 2 using selectivity wcsiTRLsel:
year obs     fits    resids  Pearson_resids Normalised_resids 
1987    0.34 1.42365 -1.08365 -1.87446 -3.4701
1988     0.7 1.32577 -0.62577 -1.16696 -1.44612
1989    1.45 1.22424 0.225759 0.454116 0.628535
1990    1.39 1.13975 0.250246 0.54283 0.704554
1991    0.77 1.07356 -0.303562 -0.696322 -0.655334
1992    0.82 1.02307 -0.203072 -0.486594 -0.367802
1993    0.96 0.994818 -0.0348183 -0.0858 0.105356
1994    0.74 0.985133 -0.245133 -0.615199 -0.540438
1995    1.14 0.97953 0.16047 0.403429 0.583663
1996    1.28 0.974064 0.305936 0.779141 0.897915
1997    1.24 0.984113 0.255887 0.642852 0.788393
1998    1.23  1.0061  0.2239 0.55206 0.711836
1999    1.69 1.01911 0.67089 1.63761 1.50036
2000    0.96 1.02836 -0.0683561 -0.165353 0.0158012
2001    0.99 1.02116 -0.0311603 -0.0759079 0.11345
2002    1.26 1.00716 0.252841 0.624495 0.772218
2003    0.67 0.984848 -0.314848 -0.793059 -0.798695
2004    1.28 0.956725 0.323275 0.840553 0.945641
2005    0.95 0.930828 0.0191715 0.0512349 0.246193
2006    0.71 0.917525 -0.207525 -0.562641 -0.468986
2007    0.53 0.898692 -0.368692 -1.01429 -1.16198
2008    0.55 0.900671 -0.350671 -0.962592 -1.07247
2009    0.42 0.923855 -0.503855 -1.34837 -1.83053
2010     0.8 0.947214 -0.147214 -0.384246 -0.239314
2011    1.05 0.969491 0.0805087 0.206002 0.399602
2012    0.97 0.991403 -0.0214031 -0.0537039 0.137129
2013    1.04 1.01007 0.0299253 0.0738595 0.268717
2014    0.96 1.02118 -0.061184 -0.149367 0.0331721
2015    1.06 1.03129 0.0287062 0.0693929 0.264208
2016    1.44 1.02596 0.414044  1.0061 1.07083
2017    1.05 1.00524 0.0447593 0.111003 0.305912
2018     1.3 0.971627 0.328373 0.842539 0.946893
2019    1.26 0.948476 0.311524 0.818816 0.928414
objective function: lognormal likelihood, with cv = 
0.406079 
0.404475 
0.406079 
0.404475 
0.406079 
0.407922 
0.407922 
0.404475 
0.406079 
0.403113 
0.404475 
0.403113 
0.401995 
0.401995 
0.401995 
0.401995 
0.403113 
0.401995 
0.401995 
0.401995 
0.404475 
0.404475 
0.404475 
0.404475 
0.403113 
0.401995 
0.401123 
0.401123 
0.401123 
0.401123 
0.401123 
0.401123 
0.401123 

Tangaroa_propn_at_age_Aug :
proportions-at-age in time step 2 using selectivity wcsiTANsel with ageing error (constrained to sum to 1):
obs (last class is a plus group):
class       3       4       5       6       7       8       9      10      11      12      13      14      15      16      17      18      19      20      21      22      23 
2000   0.021  0.0433  0.0476  0.0355  0.0317  0.1025  0.0608  0.2001  0.0944  0.0794  0.1029  0.0283   0.039  0.0194  0.0247  0.0115  0.0196  0.0062  0.0044  0.0125  0.0153 
2012  0.0436  0.0477  0.0431  0.0275    0.05  0.0607  0.0761  0.0962  0.0865  0.0718  0.0601  0.0544  0.0418  0.0372  0.0187   0.045  0.0357  0.0266  0.0226  0.0203  0.0345 
2013  0.0339  0.0728  0.0483  0.0305  0.0435  0.0838  0.1055  0.1294  0.0791  0.0896  0.0721  0.0456  0.0241  0.0224  0.0141  0.0228  0.0225  0.0204  0.0127  0.0107  0.0161 
2016   0.029   0.073  0.0574  0.0297  0.0439  0.0653  0.0712  0.0976  0.0916  0.1253  0.0669  0.0725  0.0442  0.0116  0.0339  0.0129  0.0086  0.0097  0.0118  0.0072  0.0366 
fits (last class is a plus group):
class       3       4       5       6       7       8       9      10      11      12      13      14      15      16      17      18      19      20      21      22      23 
2000 0.00688027 0.0587484 0.0494696 0.0452361 0.0508694 0.0689324 0.0916344 0.105064 0.0970998 0.0827731 0.0707159 0.0581678 0.0460685 0.0359053 0.0278751 0.0217367 0.0171199 0.0135714 0.0106813 0.00825801 0.0331927 
2012 0.00701375 0.0587264 0.0449818 0.048137 0.0652874 0.0867769 0.0990764 0.0961847 0.0899963 0.0778671 0.0623305 0.0512474 0.0436352 0.0369179 0.0304249 0.0244536 0.0193576 0.0152568 0.011974 0.00922712 0.0211272 
2013 0.00777668 0.0665493 0.0542403 0.0420608 0.0518117 0.0755334 0.0957888 0.101556 0.0935744 0.0829411 0.0698028 0.0550692 0.0437724 0.0358772 0.0293531 0.0234477 0.0182713 0.0140125 0.0106883 0.00814209 0.0197312 
2016 0.00781348 0.0675166 0.0587598 0.0491178 0.0555444 0.060146 0.0633932 0.0739174 0.0864766 0.0913029 0.0859694 0.0736882 0.0597644 0.0463667 0.0343125 0.0246356 0.0177281 0.0128488 0.00924759 0.00655813 0.0148922 
resids (last class is a plus group):
class       3       4       5       6       7       8       9      10      11      12      13      14      15      16      17      18      19      20      21      22      23 
2000 0.0141197 -0.0154484 -0.0018696 -0.00973612 -0.0191694 0.0335676 -0.0308344 0.0950362 -0.00269981 -0.00337306 0.0321841 -0.0298678 -0.00706849 -0.0165053 -0.00317515 -0.0102367 0.00248006 -0.00737138 -0.00628129 0.00424199 -0.0178927 
2012 0.0365862 -0.0110264 -0.00188181 -0.020637 -0.0152874 -0.0260769 -0.0229764 1.53282e-005 -0.00349635 -0.00606715 -0.00223049 0.00315256 -0.00183519 0.000282135 -0.0117249 0.0205464 0.0163424 0.0113432 0.010626 0.0110729 0.0133728 
2013 0.0261233 0.00625066 -0.00594032 -0.0115608 -0.00831168 0.00826657 0.00971124 0.0278443 -0.0144744 0.00665892 0.0022972 -0.00946923 -0.0196724 -0.0134772 -0.0152531 -0.000647699 0.00422874 0.00638748 0.00201172 0.00255791 -0.00363116 
2016 0.0211865 0.00548337 -0.00135982 -0.0194178 -0.0116444 0.005154 0.00780676 0.0236826 0.00512337 0.0339971 -0.0190694 -0.00118815 -0.0155644 -0.0347667 -0.000412522 -0.0117356 -0.00912813 -0.00314881 0.00255241 0.000641873 0.0217078 
pearson_resids (last class is a plus group):
class       3       4       5       6       7       8       9      10      11      12      13      14      15      16      17      18      19      20      21      22      23 
2000 1.57483 -0.60568 -0.0794887 -0.431921 -0.804318  1.2216 -0.985339 2.85743 -0.0840648 -0.112863 1.15749 -1.17648 -0.310868 -0.817887 -0.177829 -0.64721 0.176267 -0.587372 -0.56335 0.432157 -0.920861 
2012 4.22778 -0.452272 -0.0875575 -0.929739 -0.59679 -0.893319 -0.741643 0.000501348 -0.117821 -0.21835 -0.0889745 0.137877 -0.0866349 0.0144294 -0.658332 1.28286 1.14387 0.892447 0.942124 1.11682 0.896767 
2013 2.64326 0.222906 -0.233116 -0.511911 -0.333305 0.278051 0.293289 0.819316 -0.441742 0.214602 0.0801288 -0.368955 -0.854654 -0.644078 -0.803182 -0.0380443 0.280636 0.483002 0.173885 0.252991 -0.232065 
2016 1.99878 0.181529 -0.0480303 -0.74635 -0.422309 0.180068 0.266131 0.751892 0.151416 0.980426 -0.565079 -0.0377762 -0.545402 -1.37339 -0.0188246 -0.628878 -0.574591 -0.232246 0.221502 0.0660561 1.48874 
objective function: multinomial likelihood, with delta = 1e-006, N =
85 85 85 85 85 85 85 85 85 85 85 85 85 85 85 85 85 85 85 85 85 
93 93 93 93 93 93 93 93 93 93 93 93 93 93 93 93 93 93 93 93 93 
79 79 79 79 79 79 79 79 79 79 79 79 79 79 79 79 79 79 79 79 79 
69 69 69 69 69 69 69 69 69 69 69 69 69 69 69 69 69 69 69 69 69 

wcsiLLNage :
catch proportions-at-age for fishery wcsiLLN  with ageing error (constrained to sum to 1):
obs (last class is a plus group):
class       5       6       7       8       9      10      11      12      13      14      15      16      17      18      19      20      21      22      23 
2003  0.0001  0.0009  0.0199  0.0321  0.0401  0.0592  0.0915  0.1266  0.1053  0.0871  0.0644  0.0555  0.0633  0.0452  0.0306  0.0216  0.0102   0.008  0.1384 
2006  0.0105  0.0312  0.0667   0.104  0.1134  0.1124  0.1359  0.0919  0.0528  0.0559  0.0603  0.0568  0.0404  0.0247  0.0163  0.0044  0.0088   0.002  0.0115 
2007  0.0106   0.021  0.0519  0.0258  0.0839  0.0618  0.0705  0.0646  0.0583  0.0508  0.0385  0.1286   0.024  0.0994  0.0125  0.0075  0.0457  0.0644  0.0802 
2012  0.0001  0.0001  0.0064  0.0241  0.0395   0.058  0.0735  0.0792  0.0725  0.0775  0.0737  0.0947  0.0562  0.0703  0.0811  0.0502  0.0551  0.0303  0.0574 
2015       0       0  0.0086  0.0401  0.1038  0.1192  0.1617  0.1872   0.134  0.0885  0.0443  0.0301  0.0294  0.0206  0.0097  0.0104  0.0083  0.0002   0.004 
fits (last class is a plus group):
class       5       6       7       8       9      10      11      12      13      14      15      16      17      18      19      20      21      22      23 
2003 0.0172217 0.0240624 0.0293512 0.0369852 0.0488263 0.0667146 0.0877588 0.102954 0.104643 0.0980173 0.0882089 0.0752936 0.0604116 0.0461012 0.0338726 0.0242219 0.0170449 0.0119065 0.026404 
2006 0.0210334 0.0225014 0.0290047 0.0360467 0.0451719 0.0534721 0.0625601 0.0747352 0.0889887 0.100572 0.103148 0.0939355 0.0774661 0.0597042 0.0438297 0.0306601 0.0204909 0.0132579 0.023421 
2007 0.0275114 0.0270924 0.0288325 0.035889 0.0439417 0.0531879 0.0613682 0.0694088 0.0792474 0.0895234 0.0960087 0.0940784 0.0825116 0.0655574 0.0484721 0.0341264 0.0230563 0.0149702 0.0252161 
2012 0.0190688 0.0315765 0.0456081 0.0573498 0.0645533 0.0739846 0.0764722 0.0748476 0.0762505 0.0775725 0.0755652 0.0695069 0.0605777 0.0506596 0.0411293 0.0324161 0.0245325 0.0176292 0.0306997 
2015 0.0209219 0.0238952 0.0275226 0.0405053 0.0608406 0.0806344 0.0936742 0.0985843 0.0985932 0.0918034 0.0796089 0.0672335 0.0561277 0.0453362 0.0348749 0.0255567 0.0180226 0.0123959 0.0238687 
resids (last class is a plus group):
class       5       6       7       8       9      10      11      12      13      14      15      16      17      18      19      20      21      22      23 
2003 -0.0171217 -0.0231624 -0.00945116 -0.0048852 -0.00872633 -0.00751463 0.00374124 0.0236462 0.000656518 -0.0109173 -0.0238089 -0.0197936 0.00288838 -0.000901233 -0.0032726 -0.00262192 -0.00684491 -0.00390652 0.111996 
2006 -0.0105334 0.00869855 0.0376953 0.0679533 0.0682281 0.0589279 0.0733399 0.0171648 -0.0361887 -0.0446724 -0.0428479 -0.0371355 -0.0370661 -0.0350042 -0.0275297 -0.0262601 -0.0116909 -0.0112579 -0.011921 
2007 -0.0169114 -0.00609242 0.0230675 -0.010089 0.0399583 0.00861209 0.00913177 -0.00480877 -0.0209474 -0.0387234 -0.0575087 0.0345216 -0.0585116 0.0338426 -0.0359721 -0.0266264 0.0226437 0.0494298 0.0549839 
2012 -0.0189688 -0.0314765 -0.0392081 -0.0332498 -0.0250533 -0.0159846 -0.00297215 0.00435241 -0.00375049 -7.24875e-005 -0.00186523 0.0251931 -0.00437766 0.0196404 0.0399707 0.0177839 0.0305675 0.0126708 0.0267003 
2015 -0.0209219 -0.0238952 -0.0189226 -0.000405284 0.0429594 0.0385656 0.0680258 0.0886157 0.0354068 -0.00330342 -0.0353089 -0.0371335 -0.0267277 -0.0247362 -0.0251749 -0.0151567 -0.00972259 -0.0121959 -0.0198687 
pearson_resids (last class is a plus group):
class       5       6       7       8       9      10      11      12      13      14      15      16      17      18      19      20      21      22      23 
2003 -0.263215 -0.302296 -0.111988 -0.0517705 -0.080985 -0.060231 0.0264451 0.155619 0.00428966 -0.0734334 -0.167906 -0.150028 0.0242468 -0.00859527 -0.036181 -0.0341091 -0.105763 -0.0720326 1.39704 
2006 -0.194213 0.155179 0.594282 0.964494 0.869192 0.69301 0.801251  0.1727 -0.336273 -0.392976 -0.372724 -0.336778 -0.366842 -0.390872 -0.355794 -0.403015 -0.218329 -0.260416 -0.208547 
2007 -0.273546 -0.0992839 0.364722 -0.143501 0.515792 0.101536 0.100666 -0.0500606 -0.205171 -0.358856 -0.51647 0.31286 -0.562643 0.361764 -0.443157 -0.388022 0.399179 1.07696 0.927878 
2012 -0.43859 -0.569209 -0.594281 -0.452218 -0.3224 -0.193117 -0.0353667 0.0523039 -0.0446879 -0.000856926 -0.0223168 0.313265 -0.0580304 0.283211 0.636482 0.317542 0.624859 0.304474 0.489462 
2015 -0.38676 -0.413958 -0.306017 -0.00543916 0.47549 0.374753 0.61769 0.78649 0.314233 -0.0302687 -0.345117 -0.392316 -0.307231 -0.314583 -0.363051 -0.25411 -0.193362 -0.29163 -0.344389 
objective function: multinomial likelihood, with delta = 1e-006, N =
4 4 4 4 4 4 4 4 4 4 4 4 4 4 4 4 4 4 4 
7 7 7 7 7 7 7 7 7 7 7 7 7 7 7 7 7 7 7 
7 7 7 7 7 7 7 7 7 7 7 7 7 7 7 7 7 7 7 
10 10 10 10 10 10 10 10 10 10 10 10 10 10 10 10 10 10 10 
7 7 7 7 7 7 7 7 7 7 7 7 7 7 7 7 7 7 7 

wcsiTRLage :
catch proportions-at-age for fishery wcsiTRL  with ageing error (constrained to sum to 1):
obs (last class is a plus group):
class       4       5       6       7       8       9      10      11      12      13      14      15      16      17      18      19      20      21 
1991  0.0019 0.00867 0.01289 0.01899 0.05611  0.0498 0.09025 0.08281 0.15009 0.18811 0.07258 0.05073 0.09159 0.05713 0.03708 0.01445 0.01586 0.00099 
1994 0.00774 0.01834 0.03519  0.0685 0.10194 0.10772 0.11276  0.1212 0.07918 0.08546 0.08528 0.08585 0.02536 0.01747 0.02009 0.01457 0.01032 0.00302 
1995 0.01682 0.06364 0.06187 0.10948 0.15091 0.13745 0.07993 0.08568 0.06677 0.05543 0.05655 0.04224 0.02936 0.02177 0.00748 0.00721  0.0045  0.0029 
1996 0.00175 0.02373 0.08429 0.07405 0.11041 0.14819 0.10401 0.09993 0.08899 0.10259 0.06099 0.03557 0.03219 0.00723 0.01149 0.00782 0.00677       0 
1997 0.00172 0.01238 0.04817 0.06349 0.07279 0.10586 0.11388 0.10996 0.13421 0.11345 0.07241  0.0483 0.03144 0.02062 0.02124 0.01856  0.0102 0.00131 
1998 0.00187 0.02442 0.03365 0.03736 0.10008  0.1973 0.14055 0.12717 0.12265 0.06701 0.06402 0.01898 0.01159 0.01773 0.00617 0.01715 0.01091 0.00139 
1999 0.01395 0.02963 0.03469  0.0473 0.12594 0.15679 0.15394  0.1398  0.1034 0.06041 0.04597 0.02203 0.02272 0.00636 0.01647 0.00946 0.00344  0.0077 
2000 0.00982 0.01811 0.02869  0.0487 0.15018 0.05903 0.22023 0.10302 0.09964 0.11077 0.03326 0.04125 0.01814 0.01881 0.01132 0.01375 0.00854 0.00673 
2001 0.01403 0.05539 0.05447 0.04465  0.0712 0.10739 0.12627 0.13957 0.11291 0.07687 0.08282 0.03548 0.03621 0.01367 0.00624 0.01159  0.0057 0.00555 
2002 0.01761 0.03694 0.05798 0.04007 0.11669 0.09607 0.10487 0.13252 0.12371 0.09777 0.06563 0.04098 0.02013 0.01725 0.01262 0.00741 0.00217 0.00957 
2003 0.03285 0.09148 0.06727 0.06107 0.08623 0.07676 0.09691 0.10441  0.1196 0.09167 0.05864 0.03511 0.02532  0.0165 0.01271 0.01781 0.00441 0.00125 
2004 0.03044 0.05463 0.07834  0.0743 0.09378 0.07818 0.06886 0.09857 0.12863 0.10116 0.08263 0.05063 0.02557 0.01746 0.00664 0.00703 0.00305 0.00013 
2005 0.06786 0.07488 0.05466 0.05324 0.07123   0.078 0.08967 0.08949 0.07987 0.07353 0.05728 0.07257 0.05404 0.03832 0.01783 0.01408 0.01324  0.0002 
2006 0.04941 0.11833  0.0798 0.05919 0.06561 0.06954 0.08769 0.09019 0.08653 0.06736 0.05295 0.04615 0.05109 0.04139 0.01866  0.0138 0.00231       0 
2007 0.02471 0.05575 0.05967  0.1226  0.0673 0.09709 0.06128 0.08146 0.07874     0.1 0.06518 0.04571 0.06999 0.03456 0.01691 0.00698 0.01158 0.00052 
2008 0.03857 0.11832 0.05367 0.08796 0.08936 0.06328 0.06939 0.07502 0.07631 0.09375 0.05248 0.05299 0.04412 0.02921 0.03479 0.01599 0.00246 0.00233 
2012 0.02153 0.02233 0.03019 0.05714 0.09593 0.12944 0.13836  0.1328 0.08538 0.05941 0.04983 0.04225 0.03028 0.01933 0.02948   0.022 0.02201 0.01232 
2013  0.0796 0.05844 0.03481 0.04457 0.10696 0.13966 0.13739 0.09946 0.09821 0.07314 0.04187 0.02345 0.01526 0.00953 0.01128 0.00933 0.00995  0.0071 
2014 0.03437  0.0547 0.05906 0.06302 0.06774 0.12645 0.15767 0.10468 0.10847 0.07002 0.03134  0.0481 0.01431 0.01805 0.01359 0.01567       0 0.01273 
2015 0.07272 0.10689 0.04409 0.04556 0.06184 0.09957   0.101  0.0798  0.1041 0.07821 0.05559 0.06646 0.03137 0.01527 0.01568  0.0051 0.01058 0.00617 
2016 0.03036 0.03594 0.02333  0.0305 0.06172  0.0806 0.11638 0.10706 0.13661 0.10345 0.10016 0.05286 0.03012 0.04301  0.0197 0.01236 0.00516 0.01067 
2017 0.07164 0.07809  0.0358 0.02554 0.07583 0.05022 0.09831 0.08444 0.07929 0.08674 0.10079 0.08403 0.04382 0.02961 0.03228 0.00873 0.00781 0.00701 
2018 0.03448 0.05082 0.04179  0.0524 0.07098 0.06187 0.07361  0.0958 0.12667 0.08312 0.10279 0.07914 0.03835  0.0193 0.02899 0.01372 0.00972 0.01647 
2019 0.04729 0.03462 0.03145 0.04188 0.09365 0.08723 0.12274  0.1138 0.11253 0.09054 0.06927 0.06527 0.03296 0.01637 0.01194 0.01082 0.01004  0.0076 
fits (last class is a plus group):
class       4       5       6       7       8       9      10      11      12      13      14      15      16      17      18      19      20      21 
1991 0.0359006 0.0470539 0.0568859 0.0663152 0.0727472 0.0786002 0.0863787 0.0915318 0.0865757 0.0707302 0.0516477 0.0371189 0.0292228 0.0261194 0.0249975 0.0236034 0.0210894 0.0934815 
1994 0.0497289 0.0521792 0.0729234 0.0870151 0.0928988 0.0931675 0.0891283 0.0813236 0.0722618 0.0639642 0.0554164 0.0450796 0.0335605 0.0231836 0.0157621 0.0114589 0.00934761 0.0516004 
1995 0.0352935 0.0667949 0.0701508 0.0885025 0.0999505 0.100569 0.0949362 0.0854203 0.0734671 0.0614164 0.0510131 0.0418138 0.0327758 0.0239626 0.0164362 0.0110662 0.00786174 0.0385692 
1996 0.0291888 0.0519625 0.0852389 0.0894158 0.102144 0.108568 0.102738 0.090954 0.076665 0.0619034 0.0486289 0.0380185 0.0296429 0.0224921 0.0161752 0.0110037 0.00732625 0.027934 
1997 0.023947 0.0423303 0.0699958 0.103465 0.106566 0.111071 0.110698 0.0986235 0.0819111 0.0647419 0.0491916 0.0365214 0.0271107 0.0202584 0.0149285 0.0105575 0.00711444 0.0209689 
1998 0.0226805 0.0354122 0.056959 0.0879979 0.118602 0.118572 0.113791 0.10602 0.089131 0.069639 0.0518266 0.0372861 0.0264008 0.0187924 0.013544 0.00971211 0.00675423 0.016879 
1999 0.0220308 0.0335623 0.0486475 0.0728815 0.104179 0.129126 0.124259 0.110599 0.0959673 0.0761902 0.0561564 0.039525 0.0270844 0.0183991 0.0126054 0.00876236 0.00609919 0.0139253 
2000 0.024568 0.0334062 0.0462405 0.0632408 0.0877995 0.115617 0.13251 0.122018 0.101376 0.0817993 0.0614832 0.0430791 0.0289754 0.0191249 0.0125869 0.00836465 0.00564265 0.0121677 
2001 0.0219455 0.0367078 0.0470624 0.0608039 0.0778238 0.0998029 0.121002 0.128791 0.11316 0.0884006 0.0664785 0.0474686 0.0318978 0.0206873 0.0132288 0.00845255 0.00545119 0.0108358 
2002 0.0248386 0.034418 0.0509192 0.0624036 0.0749848 0.0893796 0.105713 0.118191 0.117351 0.0984678 0.0730924 0.0517431 0.0354056 0.0231258 0.0146452 0.00915923 0.00572561 0.0104361 
2003 0.0235211 0.037788 0.0494878 0.0669602 0.0778145 0.0868791 0.096138 0.10484 0.10837 0.100821 0.0810304 0.0578083 0.0390543 0.0258097 0.0165134 0.0102718 0.00630585 0.0105868 
2004 0.0297411 0.0371102 0.0525574 0.0657802 0.0816711 0.0896371 0.0931806 0.0957088 0.0965163 0.0927215 0.0813798 0.0630664 0.0438197 0.0287102 0.0184579 0.0116073 0.00711456 0.0112198 
2005 0.0429878 0.0458784 0.0523144 0.0678183 0.0802414 0.0917239 0.0946916 0.0917033 0.0873095 0.0815583 0.0731278 0.0609233 0.0458268 0.0313233 0.0201489 0.0126656 0.00782999 0.0119276 
2006 0.0324675 0.060691 0.0631023 0.0677958 0.0807507 0.090004 0.0954152 0.0927956 0.0843113 0.0749394 0.0655523 0.0556046 0.0445873 0.0329266 0.0223674 0.0142956 0.00887172 0.0135215 
2007 0.0441179 0.050929 0.0792156 0.0810501 0.0813371 0.0890173 0.0928422 0.0913142 0.0832555 0.0708878 0.058805 0.0482935 0.0389385 0.0301576 0.0218499 0.0146887 0.00928873 0.0140116 
2008 0.0401137 0.0618245 0.0700322 0.0959021 0.0957729 0.0899195 0.0907073 0.0884768 0.0811865 0.0695558 0.0558546 0.043605 0.0339061 0.0261595 0.0196189 0.0139309 0.00924681 0.0141869 
2012 0.0241564 0.0304892 0.050549 0.0813406 0.109674 0.12385 0.120249 0.112304 0.0947508 0.0710563 0.0524455 0.0390633 0.0285255 0.0201595 0.013852 0.00933949 0.00627308 0.0119222 
2013 0.0278743 0.0356761 0.0426424 0.0648454 0.0961138 0.120609 0.127703 0.117227  0.1015 0.0809157 0.0579025 0.0400349 0.0280798 0.0196518 0.0134594 0.00900246 0.0059167 0.0108452 
2014 0.023524 0.0409879 0.0493402 0.0568308 0.078895 0.107589 0.125691 0.124932 0.108269 0.0873196 0.0656325 0.0449766 0.0294331 0.0195103 0.0130702 0.00865139 0.00561179 0.00973557 
2015 0.0264735 0.0362732 0.055254 0.0638587 0.0701636 0.0891033 0.112086 0.122499 0.114927 0.0944874 0.0717021 0.0510939 0.033813 0.0212926 0.013478 0.00867178 0.00556082 0.00926192 
2016 0.0289818 0.0398583 0.0511895 0.0706815 0.0781069 0.0812438 0.0943412 0.109355 0.11195 0.0993536 0.077717 0.0559359 0.0380263 0.0244336 0.0149753 0.00912694 0.00565314 0.00906976 
2017 0.0285879 0.0435466 0.0553678 0.0676476 0.0851054 0.0896183 0.0879117 0.093376 0.0997139 0.0958487 0.0808327 0.0605809 0.0418367 0.0273894 0.0171448 0.0102839 0.00607383 0.0091337 
2018 0.0289411 0.0436506 0.0604384 0.0727198 0.0835593 0.0962517 0.0961285 0.0886097 0.0859987 0.0845001 0.0764017 0.0615403 0.0445447 0.0298427 0.0189839 0.0116011 0.00682367 0.00946411 
2019 0.0294084 0.0438018 0.0606044 0.0781436 0.0886483 0.0953025   0.101 0.0953533 0.0826305 0.0735551 0.0667565 0.0571675 0.0444448 0.0314302 0.0206605 0.0128962 0.00774081 0.0104554 
resids (last class is a plus group):
class       4       5       6       7       8       9      10      11      12      13      14      15      16      17      18      19      20      21 
1991 -0.0340006 -0.0383839 -0.0439959 -0.0473252 -0.0166372 -0.0288002 0.00387135 -0.0087218 0.0635143 0.11738 0.0209323 0.0136111 0.0623672 0.0310106 0.0120825 -0.00915338 -0.00522939 -0.0924915 
1994 -0.0419889 -0.0338392 -0.0377334 -0.0185151 0.00904125 0.0145525 0.0236317 0.0398764 0.00691821 0.0214958 0.0298636 0.0407704 -0.00820047 -0.00571363 0.00432793 0.00311106 0.000972392 -0.0485804 
1995 -0.0184735 -0.00315492 -0.00828081 0.0209775 0.0509595 0.0368809 -0.0150062 0.000259719 -0.00669714 -0.00598639 0.00553691 0.000426217 -0.00341584 -0.00219263 -0.00895619 -0.00385621 -0.00336174 -0.0356692 
1996 -0.0274388 -0.0282325 -0.000948906 -0.0153658 0.00826559 0.0396219 0.00127247 0.00897596 0.012325 0.0406866 0.0123611 -0.00244847 0.00254706 -0.0152621 -0.00468517 -0.00318368 -0.000556248 -0.027934 
1997 -0.022227 -0.0299503 -0.0218258 -0.0399748 -0.0337756 -0.00521054 0.00318189 0.0113365 0.0522989 0.0487081 0.0232184 0.0117786 0.00432933 0.000361562 0.00631147 0.00800255 0.00308556 -0.0196589 
1998 -0.0208105 -0.0109922 -0.023309 -0.0506379 -0.0185223 0.0787284 0.0267586 0.0211501 0.033519 -0.00262902 0.0121934 -0.0183061 -0.0148108 -0.00106236 -0.00737401 0.00743789 0.00415577 -0.015489 
1999 -0.00808078 -0.0039323 -0.0139575 -0.0255815 0.0217615 0.0276641 0.0296806 0.0292006 0.00743274 -0.0157802 -0.0101864 -0.017495 -0.00436443 -0.0120391 0.00386461 0.000697639 -0.00265919 -0.00622532 
2000 -0.014748 -0.0152962 -0.0175505 -0.0145408 0.0623805 -0.0565871 0.0877198 -0.0189975 -0.00173636 0.0289707 -0.0282232 -0.00182907 -0.0108354 -0.000314904 -0.00126691 0.00538535 0.00289735 -0.00543768 
2001 -0.00791553 0.0186822 0.00740765 -0.0161539 -0.00662382 0.00758711 0.00526847 0.0107788 -0.000249821 -0.0115306 0.0163415 -0.0119886 0.00431216 -0.00701733 -0.00698881 0.00313745 0.000248814 -0.00528582 
2002 -0.0072286 0.00252202 0.00706082 -0.0223336 0.0417052 0.00669038 -0.000843082 0.0143285 0.00635921 -0.000697847 -0.00746236 -0.0107631 -0.0152756 -0.00587584 -0.00202516 -0.00174923 -0.00355561 -0.000866051 
2003 0.00932894 0.053692 0.0177822 -0.00589024 0.00841553 -0.0101191 0.000771958 -0.000430103 0.0112305 -0.00915106 -0.0223904 -0.0226983 -0.0137343 -0.00930971 -0.00380344 0.00753819 -0.00189585 -0.00933682 
2004 0.000698888 0.0175198 0.0257826 0.00851981 0.0121089 -0.0114571 -0.0243206 0.00286117 0.0321137 0.00843847 0.00125022 -0.0124364 -0.0182497 -0.0112502 -0.0118179 -0.00457725 -0.00406456 -0.0110898 
2005 0.0248722 0.0290016 0.00234564 -0.0145783 -0.00901141 -0.0137239 -0.00502163 -0.00221334 -0.0074395 -0.00802825 -0.0158478 0.0116467 0.00821321 0.00699674 -0.00231889 0.00141442 0.00541001 -0.0117276 
2006 0.0169425 0.057639 0.0166977 -0.00860578 -0.0151407 -0.020464 -0.00772524 -0.00260564 0.00221865 -0.00757939 -0.0126023 -0.00945461 0.00650273 0.00846343 -0.00370744 -0.000495636 -0.00656172 -0.0135215 
2007 -0.0194079 0.004821 -0.0195456 0.0415499 -0.0140371 0.00807272 -0.0315622 -0.00985422 -0.00451551 0.0291122 0.00637502 -0.00258349 0.0310515 0.00440239 -0.00493985 -0.00770867 0.00229127 -0.0134916 
2008 -0.00154367 0.0564955 -0.0163622 -0.0079421 -0.00641294 -0.0266395 -0.0213173 -0.0134568 -0.0048765 0.0241942 -0.00337458 0.00938502 0.0102139 0.0030505 0.0151711 0.00205906 -0.00678681 -0.0118569 
2012 -0.00262643 -0.00815922 -0.020359 -0.0242006 -0.0137439 0.00558974 0.0181109 0.0204962 -0.00937084 -0.0116463 -0.00261548 0.00318666 0.00175451 -0.000829534 0.015628 0.0126605 0.0157369 0.000397833 
2013 0.0517257 0.0227639 -0.00783241 -0.0202754 0.0108462 0.0190506 0.00968666 -0.0177672 -0.0032896 -0.00777568 -0.0160325 -0.0165849 -0.0128198 -0.0101218 -0.00217937 0.000327541 0.0040333 -0.00374525 
2014 0.010846 0.0137121 0.0097198 0.00618924 -0.011155 0.0188611 0.0319786 -0.0202519 0.000201072 -0.0172996 -0.0342925 0.00312335 -0.0151231 -0.00146027 0.000519838 0.00701861 -0.00561179 0.00299443 
2015 0.0462465 0.0706168 -0.011164 -0.0182987 -0.00832356 0.0104667 -0.0110863 -0.0426991 -0.0108271 -0.0162774 -0.0161121 0.0153661 -0.00244301 -0.00602258 0.00220204 -0.00357178 0.00501918 -0.00309192 
2016 0.00137821 -0.00391834 -0.0278595 -0.0401815 -0.0163869 -0.000643765 0.0220388 -0.00229547 0.0246599 0.00409643 0.022443 -0.00307588 -0.00790626 0.0185764 0.00472472 0.00323306 -0.000493143 0.00160024 
2017 0.0430521 0.0345434 -0.0195678 -0.0421076 -0.00927545 -0.0393983 0.0103983 -0.00893602 -0.0204239 -0.00910873 0.0199573 0.0234491 0.00198326 0.0022206 0.0151352 -0.00155387 0.00173617 -0.0021237 
2018 0.0055389 0.0071694 -0.0186484 -0.0203198 -0.0125793 -0.0343817 -0.0225185 0.00719028 0.0406713 -0.00138005 0.0263883 0.0175997 -0.00619473 -0.0105427 0.0100061 0.00211891 0.00289633 0.00700589 
2019 0.0178816 -0.00918184 -0.0291544 -0.0362636 0.00500165 -0.00807249 0.0217398 0.0184467 0.0298995 0.0169849 0.0025135 0.00810254 -0.0114848 -0.0150602 -0.00872053 -0.00207619 0.00229919 -0.00285536 
pearson_resids (last class is a plus group):
class       4       5       6       7       8       9      10      11      12      13      14      15      16      17      18      19      20      21 
1991 -1.04986 -1.0413 -1.09115 -1.09255 -0.367986 -0.614776 0.0791649 -0.173749 1.29746 2.63013 0.543331 0.413586 2.12712 1.11695 0.444594 -0.346368 -0.209076 -1.82519 
1994 -1.20625 -0.950255 -0.90629 -0.410233 0.194504 0.312662 0.517954 0.911083 0.166863 0.548619 0.815144 1.22717 -0.284361 -0.237109 0.216998 0.182546 0.0631049 -1.37142 
1995 -0.714973 -0.0902428 -0.231545 0.527454 1.21334 0.875731 -0.365596 0.00663585 -0.183315 -0.178062 0.179714 0.0152066 -0.137007 -0.102388 -0.503045 -0.263247 -0.271834 -1.32281 
1996 -0.892793 -0.69671 -0.0186128 -0.294949 0.149494 0.697591 0.0229553 0.170977 0.253728 0.924765 0.314772 -0.0701254 0.0822571 -0.563767 -0.203424 -0.167157 -0.035726 -0.928495 
1997 -1.30036 -1.33049 -0.765133 -1.17395 -0.979056 -0.148318 0.0907059 0.34008 1.70578 1.77047 0.960251 0.561622 0.238431 0.0229546 0.465514 0.700323 0.328366 -1.22721 
1998  -1.046 -0.445074 -0.752612 -1.33763 -0.428703 1.82239 0.630571 0.514102 0.880326 -0.0772924 0.411623 -0.72305 -0.691312 -0.0585455 -0.477403 0.567553 0.379689 -0.89979 
1999 -0.411974 -0.163391 -0.485511 -0.736452 0.533067 0.617342 0.673309 0.696724 0.188838 -0.445109 -0.331104 -0.671938 -0.201198 -0.670382 0.259224 0.0560177 -0.255585 -0.397556 
2000 -0.624719 -0.55819 -0.548014 -0.39175 1.44541 -1.16043 1.69658 -0.380607 -0.037724 0.693185 -0.770445 -0.0590734 -0.423595 -0.0150767 -0.0745196 0.387746 0.253643 -0.325239 
2001 -0.354291 0.651484 0.229375 -0.443269 -0.162136 0.165985 0.105933 0.211009 -0.00517124 -0.266351 0.430155 -0.369709 0.160912 -0.323291 -0.401115 0.22473 0.022159 -0.334797 
2002 -0.410204 0.122182 0.283668 -0.815444 1.39854 0.207114 -0.0242167 0.391984 0.174507 -0.0206857 -0.253203 -0.429136 -0.730024 -0.345262 -0.148889 -0.162167 -0.416196 -0.0752663 
2003 0.500086 2.28754 0.666085 -0.191446 0.25522 -0.291871 0.0212749 -0.0114059 0.293511 -0.246913 -0.666591 -0.790133 -0.575962 -0.476974 -0.242463 0.607375 -0.194571 -0.741139 
2004 0.037931 0.854486 1.06523 0.31686 0.407644 -0.369772 -0.771365 0.0896649 1.00263 0.268233 0.0421571 -0.471684 -0.821977 -0.621122 -0.809477 -0.39399 -0.445861 -0.970715 
2005 0.99622 1.12613 0.0855836 -0.471037 -0.269481 -0.386278 -0.139336 -0.0623037 -0.214103 -0.238305 -0.494526 0.395579 0.319089 0.326321 -0.134075 0.102755 0.498651 -0.877626 
2006 0.573549 1.44844 0.412039 -0.205392 -0.333433 -0.429034 -0.157772 -0.0538827 0.0479097 -0.172721 -0.305513 -0.24755 0.189037 0.284574 -0.150428 -0.0250518 -0.419856 -0.702456 
2007 -0.43309 0.100488 -0.331645 0.697681 -0.235323 0.129908 -0.498382 -0.156767 -0.0749007 0.519833 0.124178 -0.055223 0.735576 0.117964 -0.154845 -0.293637 0.109455 -0.526009 
2008 -0.0527722 1.57361 -0.430096 -0.180934 -0.146185 -0.624691 -0.497927 -0.317869 -0.119773 0.637977 -0.0985773 0.308287 0.378573 0.128209 0.733818 0.117851 -0.475656 -0.67257 
2012 -0.102639 -0.284741 -0.557591 -0.531186 -0.263897 0.101813 0.334095 0.389489 -0.191979 -0.271983 -0.0703958 0.098686 0.0632376 -0.0354134 0.802282 0.789729 1.19591 0.0219927 
2013 2.62901 1.02683 -0.324329 -0.688869 0.307878 0.489415 0.242823 -0.462094 -0.0911382 -0.238558 -0.574321 -0.707808 -0.649259 -0.61012 -0.158238 0.0290134 0.440006 -0.302537 
2014 0.364898 0.352655 0.22884 0.136313 -0.210997 0.310376 0.491883 -0.312317 0.00329967 -0.31247 -0.706101 0.0768435 -0.456245 -0.0538353 0.0233384 0.38644 -0.383054 0.155505 
2015 2.89508 3.79576 -0.491066 -0.752142 -0.3275 0.369224 -0.35317 -1.30885 -0.34117 -0.559256 -0.627629 0.701338 -0.135836 -0.419279 0.19192 -0.387153 0.67832 -0.324384 
2016 0.0706733 -0.172302 -1.08745 -1.34867 -0.525324 -0.0202697 0.648591 -0.0632724 0.672783 0.117802 0.721119 -0.115143 -0.355602 1.03503 0.334642 0.292455 -0.0565816 0.145205 
2017 2.16147 1.41614 -0.715866 -1.40279 -0.278112 -1.15403 0.307235 -0.256958 -0.570322 -0.258877 0.612577 0.822391 0.0828763 0.11383 0.975498 -0.128864 0.186953 -0.186772 
2018 0.266379 0.282902 -0.630926 -0.630875 -0.36649 -0.939845 -0.615908 0.20399 1.16957 -0.0400032 0.800893 0.590437 -0.242089 -0.499538 0.591142 0.159534 0.28365 0.583371 
2019 0.879176 -0.372678 -1.01497 -1.12232 0.146171 -0.228364 0.599294 0.521719 0.902082 0.540468 0.0836488 0.289904 -0.462926 -0.716994 -0.509249 -0.152855 0.217919 -0.233183 
objective function: multinomial likelihood, with delta = 1e-006, N =
33 33 33 33 33 33 33 33 33 33 33 33 33 33 33 33 33 33 
39 39 39 39 39 39 39 39 39 39 39 39 39 39 39 39 39 39 
51 51 51 51 51 51 51 51 51 51 51 51 51 51 51 51 51 51 
30 30 30 30 30 30 30 30 30 30 30 30 30 30 30 30 30 30 
80 80 80 80 80 80 80 80 80 80 80 80 80 80 80 80 80 80 
56 56 56 56 56 56 56 56 56 56 56 56 56 56 56 56 56 56 
56 56 56 56 56 56 56 56 56 56 56 56 56 56 56 56 56 56 
43 43 43 43 43 43 43 43 43 43 43 43 43 43 43 43 43 43 
43 43 43 43 43 43 43 43 43 43 43 43 43 43 43 43 43 43 
78 78 78 78 78 78 78 78 78 78 78 78 78 78 78 78 78 78 
66 66 66 66 66 66 66 66 66 66 66 66 66 66 66 66 66 66 
85 85 85 85 85 85 85 85 85 85 85 85 85 85 85 85 85 85 
66 66 66 66 66 66 66 66 66 66 66 66 66 66 66 66 66 66 
36 36 36 36 36 36 36 36 36 36 36 36 36 36 36 36 36 36 
21 21 21 21 21 21 21 21 21 21 21 21 21 21 21 21 21 21 
45 45 45 45 45 45 45 45 45 45 45 45 45 45 45 45 45 45 
36 36 36 36 36 36 36 36 36 36 36 36 36 36 36 36 36 36 
70 70 70 70 70 70 70 70 70 70 70 70 70 70 70 70 70 70 
26 26 26 26 26 26 26 26 26 26 26 26 26 26 26 26 26 26 
101 101 101 101 101 101 101 101 101 101 101 101 101 101 101 101 101 101 
74 74 74 74 74 74 74 74 74 74 74 74 74 74 74 74 74 74 
70 70 70 70 70 70 70 70 70 70 70 70 70 70 70 70 70 70 
65 65 65 65 65 65 65 65 65 65 65 65 65 65 65 65 65 65 
69 69 69 69 69 69 69 69 69 69 69 69 69 69 69 69 69 69 

Output quantities start here

* Scalar parameter values
q[wcsiTAN].q 0.0384819
q[wcsiTRLcpue].q 4.82287e-005
initialization.B0 56516.8

* Vector parameter values
recruitment.YCS 1 1 1 1 1 1 0.369513 0.401161 0.438326 0.488162 0.427153 0.508214 0.449091 0.389483 0.375644 0.421824 0.475879 0.515819 0.594661 0.675967 0.738399 0.627604 1.08889 0.63261 0.618952 0.499006 0.509946 0.491058 0.562684 0.446992 0.535154 0.447969 0.609471 0.880372 0.54258 0.93767 0.757402 0.690045 0.494154 0.417295 0.570172 0.633732 0.472421 0.591814 0.61383 1 1 1 1 

* Ogive parameter values
selectivity[wcsiTANsel].mature 0.000806994 0.00102439 0.00129508 0.00163065 0.00204486 0.00255388 0.00317668 0.00393533 0.0048554 0.00596629 0.00730162 0.00889958 0.0108033 0.013061 0.0157266 0.0188593 0.0225244 0.0267928 0.0317407 0.0374499 0.0440069 0.0515023 0.0600299 0.0696858 0.0805668 0.0927692 
selectivity[wcsiTANsel].immature 0.000516375 0.000981112 0.0010299 0.0010326 0.00103274 0.00103275 0.00103275 0.00103275 0.00103275 0.00103275 0.00103275 0.00103275 0.00103275 0.00103275 0.00103275 0.00103275 0.00103275 0.00103275 0.00103275 0.00103275 0.00103275 0.00103275 0.00103275 0.00103275 0.00103275 0.00103275 
selectivity[wcsiTRLsel].all 0.0224635 0.0413618 0.0721926 0.119442 0.187326 0.278489 0.392456 0.524261 0.663859 0.79685 0.906672 0.977903 1 0.99996 0.999853 0.999679 0.999437 0.999127 0.99875 0.998306 0.997795 0.997217 0.996572 0.99586 0.995081 0.994236 
selectivity[wcsiLLNsel].all 0.0020826 0.00322888 0.00500292 0.00774409 0.0119691 0.0184564 0.0283588 0.0433395 0.0656989 0.0984071 0.144874 0.208215 0.289863 0.387844 0.495821 0.604189 0.703207 0.786219 0.850935 0.898587 0.932219 0.955253 0.970705 0.980928 0.987629 0.991995 
maturation[1].rates_all 0 0.01 0.056 0.23 0.48 0.67 0.83 0.93 0.97 1 1 1 1 1 1 1 1 1 1 1 1 1 1 1 1 1 

* Ogive arguments
maturation[1].rates_all 0 0.01 0.056 0.23 0.48 0.67 0.83 0.93 0.97 1 
selectivity[wcsiTANsel].immature 3 1 0.00103275 
selectivity[wcsiTANsel].mature 62.2115 18.4719 150.045 
selectivity[wcsiTRLsel].all 14.9141 5.09118 143.294 
selectivity[wcsiLLNsel].all 17.038 6.69698 

* B0
56516.8

* R0
3.62946e+006

* SSBs
SSB 56516.8 56321.1 56065.7 55394.5 54358.4 52920 52937.2 52392.6 51446.8 49829.4 47054.5 43244.1 39627.7 37154.7 35200.6 33888.4 32377.2 30410.8 28514.1 26970.1 25931.1 25611.7 25890.3 26414.7 26898.2 27797.2 29011.8 29520.7 29287.1 28314.4 27199.4 26179.7 25292.6 24582.4 24213.6 23789.3 24233.6 25441.6 26657.3 27835.8 28728.4 29001.9 28561.5 27929 27271.2 26628.2 25865.2 25485.6 25369.8 
year 1972 1973 1974 1975 1976 1977 1978 1979 1980 1981 1982 1983 1984 1985 1986 1987 1988 1989 1990 1991 1992 1993 1994 1995 1996 1997 1998 1999 2000 2001 2002 2003 2004 2005 2006 2007 2008 2009 2010 2011 2012 2013 2014 2015 2016 2017 2018 2019 2020 

* recruitments
recruitment 3.62946e+006 3.62946e+006 3.62946e+006 3.62946e+006 3.62946e+006 3.62886e+006 1.34062e+006 1.4546e+006 1.58789e+006 1.76605e+006 2.67178e+006 3.17714e+006 2.80489e+006 2.42849e+006 2.33482e+006 2.60882e+006 2.92675e+006 3.15839e+006 3.62692e+006 4.11099e+006 4.4746e+006 3.78356e+006 6.52753e+006 3.77281e+006 3.67739e+006 2.96112e+006 3.02928e+006 2.92279e+006 3.35494e+006 2.67335e+006 3.21304e+006 2.69371e+006 3.6623e+006 5.27419e+006 3.23848e+006 5.57619e+006 4.48883e+006 4.07779e+006 2.9156e+006 2.45754e+006 3.36441e+006 3.7581e+006 2.81433e+006 3.53995e+006 3.68219e+006 3.47258e+006 3.46783e+006 3.46077e+006 3.45312e+006 
year 1972 1973 1974 1975 1976 1977 1978 1979 1980 1981 1982 1983 1984 1985 1986 1987 1988 1989 1990 1991 1992 1993 1994 1995 1996 1997 1998 1999 2000 2001 2002 2003 2004 2005 2006 2007 2008 2009 2010 2011 2012 2013 2014 2015 2016 2017 2018 2019 2020 

* YCS
YCS 1 1 1 1 1 1 0.369513 0.401161 0.438326 0.488162 0.738509 0.878656 0.776439 0.673382 0.649456 0.729295 0.822752 0.891805 1.02812 1.16869 1.27663 1.08507 1.88259 1.09373 1.07011 0.862737 0.881651 0.848996 0.972831 0.772809 0.925234 0.774498 1.05372 1.52209 0.938073 1.62115 1.30948 1.19303 0.854348 0.721465 0.985776 1.09567 0.816773 1.02319 1.06126 1 1 1 1 
year 1968 1969 1970 1971 1972 1973 1974 1975 1976 1977 1978 1979 1980 1981 1982 1983 1984 1985 1986 1987 1988 1989 1990 1991 1992 1993 1994 1995 1996 1997 1998 1999 2000 2001 2002 2003 2004 2005 2006 2007 2008 2009 2010 2011 2012 2013 2014 2015 2016 

* true_YCS
true_YCS 1 1 1 1 1 0.999835 0.369372 0.400775 0.437499 0.486587 0.736138 0.875375 0.772812 0.669106 0.643296 0.71879 0.806387 0.87021 0.999299 1.13267 1.23286 1.04246 1.79848 1.0395 1.0132 0.815857 0.834636 0.805295 0.924362 0.73657 0.885268 0.742179 1.00905 1.45316 0.892275 1.53637 1.23678 1.12352 0.803315 0.677108 0.926972 1.03544 0.775414 0.975339 1.01453 0.956775 0.955467 0.953523 0.951415 
year 1968 1969 1970 1971 1972 1973 1974 1975 1976 1977 1978 1979 1980 1981 1982 1983 1984 1985 1986 1987 1988 1989 1990 1991 1992 1993 1994 1995 1996 1997 1998 1999 2000 2001 2002 2003 2004 2005 2006 2007 2008 2009 2010 2011 2012 2013 2014 2015 2016 

* actual_catches
wcsiTRL 0 284 192 265 259 253 175 772 912 1059 1400 1646 1463 1360 1453 1305 2303 2394 2419 2353 1668 1709 1213 1927 2012 1985 2141 2510 2605 2675 2644 2313 2348 1780 2114 1601 1175 1312 1636 2096 2098 2205 1658 1823 1823 2056 2092 1835 1835 
wcsiLLN 0 66 53 529 963 1523 188 515 515 646 829 1123 942 355 486 437 469 452 437 396 676 760 918 1136 1227 1222 1158 1250 1070 1134 951 943 949 995 803 1143 1289 1216 1292 1223 1174 1203 1390 1351 1351 1371 1395 1223 1223 
year 1972 1973 1974 1975 1976 1977 1978 1979 1980 1981 1982 1983 1984 1985 1986 1987 1988 1989 1990 1991 1992 1993 1994 1995 1996 1997 1998 1999 2000 2001 2002 2003 2004 2005 2006 2007 2008 2009 2010 2011 2012 2013 2014 2015 2016 2017 2018 2019 2020 

* fishing_pressures
wcsiTRL 0 0.00582526 0.00396092 0.00553794 0.00553011 0.00557058 0.00385938 0.0171624 0.0207047 0.024763 0.0341037 0.0426163 0.0405991 0.0399169 0.0453572 0.0433886 0.0809131 0.0907627 0.098258 0.101395 0.0762656 0.0802772 0.0580895 0.0916863 0.0961959 0.0940672 0.0990741 0.114008 0.11704 0.120743 0.120868 0.108579 0.113212 0.0890922 0.106628 0.0832638 0.0615168 0.0668612 0.0809316 0.100605 0.0985386 0.101486 0.0761469 0.0826402 0.0830123 0.0950702 0.0999075 0.0901566 0.0915943 
wcsiLLN 0 0.00291507 0.00235895 0.023669 0.0440128 0.0720064 0.00935157 0.0256516 0.0262954 0.0338969 0.0450571 0.0642066 0.0577887 0.0231585 0.03288 0.0310829 0.0350293 0.0370599 0.0398792 0.0406364 0.0780791 0.098003 0.132404 0.179144 0.218685 0.243698 0.251052 0.286263 0.258432 0.27854 0.236398 0.23171 0.227705 0.235631 0.185689 0.260871 0.296192 0.281538 0.301225 0.292299 0.288699 0.299163 0.347557 0.333567 0.326363 0.322503 0.324314 0.285115 0.282228 
year 1972 1973 1974 1975 1976 1977 1978 1979 1980 1981 1982 1983 1984 1985 1986 1987 1988 1989 1990 1991 1992 1993 1994 1995 1996 1997 1998 1999 2000 2001 2002 2003 2004 2005 2006 2007 2008 2009 2010 2011 2012 2013 2014 2015 2016 2017 2018 2019 2020 

* wcsiTRLcpue.fits
1987  1.42365 
1988  1.32577 
1989  1.22424 
1990  1.13975 
1991  1.07356 
1992  1.02307 
1993  0.994818 
1994  0.985133 
1995  0.97953 
1996  0.974064 
1997  0.984113 
1998  1.0061 
1999  1.01911 
2000  1.02836 
2001  1.02116 
2002  1.00716 
2003  0.984848 
2004  0.956725 
2005  0.930828 
2006  0.917525 
2007  0.898692 
2008  0.900671 
2009  0.923855 
2010  0.947214 
2011  0.969491 
2012  0.991403 
2013  1.01007 
2014  1.02118 
2015  1.03129 
2016  1.02596 
2017  1.00524 
2018  0.971627 
2019  0.948476 

* Tangaroa_propn_at_age_Aug.fits
2000  0.00688027 0.0587484 0.0494696 0.0452361 0.0508694 0.0689324 0.0916344 0.105064 0.0970998 0.0827731 0.0707159 0.0581678 0.0460685 0.0359053 0.0278751 0.0217367 0.0171199 0.0135714 0.0106813 0.00825801 0.0331927 
2012  0.00701375 0.0587264 0.0449818 0.048137 0.0652874 0.0867769 0.0990764 0.0961847 0.0899963 0.0778671 0.0623305 0.0512474 0.0436352 0.0369179 0.0304249 0.0244536 0.0193576 0.0152568 0.011974 0.00922712 0.0211272 
2013  0.00777668 0.0665493 0.0542403 0.0420608 0.0518117 0.0755334 0.0957888 0.101556 0.0935744 0.0829411 0.0698028 0.0550692 0.0437724 0.0358772 0.0293531 0.0234477 0.0182713 0.0140125 0.0106883 0.00814209 0.0197312 
2016  0.00781348 0.0675166 0.0587598 0.0491178 0.0555444 0.060146 0.0633932 0.0739174 0.0864766 0.0913029 0.0859694 0.0736882 0.0597644 0.0463667 0.0343125 0.0246356 0.0177281 0.0128488 0.00924759 0.00655813 0.0148922 

* wcsiLLNage.fits
2003  0.0172217 0.0240624 0.0293512 0.0369852 0.0488263 0.0667146 0.0877588 0.102954 0.104643 0.0980173 0.0882089 0.0752936 0.0604116 0.0461012 0.0338726 0.0242219 0.0170449 0.0119065 0.026404 
2006  0.0210334 0.0225014 0.0290047 0.0360467 0.0451719 0.0534721 0.0625601 0.0747352 0.0889887 0.100572 0.103148 0.0939355 0.0774661 0.0597042 0.0438297 0.0306601 0.0204909 0.0132579 0.023421 
2007  0.0275114 0.0270924 0.0288325 0.035889 0.0439417 0.0531879 0.0613682 0.0694088 0.0792474 0.0895234 0.0960087 0.0940784 0.0825116 0.0655574 0.0484721 0.0341264 0.0230563 0.0149702 0.0252161 
2012  0.0190688 0.0315765 0.0456081 0.0573498 0.0645533 0.0739846 0.0764722 0.0748476 0.0762505 0.0775725 0.0755652 0.0695069 0.0605777 0.0506596 0.0411293 0.0324161 0.0245325 0.0176292 0.0306997 
2015  0.0209219 0.0238952 0.0275226 0.0405053 0.0608406 0.0806344 0.0936742 0.0985843 0.0985932 0.0918034 0.0796089 0.0672335 0.0561277 0.0453362 0.0348749 0.0255567 0.0180226 0.0123959 0.0238687 

* wcsiTRLage.fits
1991  0.0359006 0.0470539 0.0568859 0.0663152 0.0727472 0.0786002 0.0863787 0.0915318 0.0865757 0.0707302 0.0516477 0.0371189 0.0292228 0.0261194 0.0249975 0.0236034 0.0210894 0.0934815 
1994  0.0497289 0.0521792 0.0729234 0.0870151 0.0928988 0.0931675 0.0891283 0.0813236 0.0722618 0.0639642 0.0554164 0.0450796 0.0335605 0.0231836 0.0157621 0.0114589 0.00934761 0.0516004 
1995  0.0352935 0.0667949 0.0701508 0.0885025 0.0999505 0.100569 0.0949362 0.0854203 0.0734671 0.0614164 0.0510131 0.0418138 0.0327758 0.0239626 0.0164362 0.0110662 0.00786174 0.0385692 
1996  0.0291888 0.0519625 0.0852389 0.0894158 0.102144 0.108568 0.102738 0.090954 0.076665 0.0619034 0.0486289 0.0380185 0.0296429 0.0224921 0.0161752 0.0110037 0.00732625 0.027934 
1997  0.023947 0.0423303 0.0699958 0.103465 0.106566 0.111071 0.110698 0.0986235 0.0819111 0.0647419 0.0491916 0.0365214 0.0271107 0.0202584 0.0149285 0.0105575 0.00711444 0.0209689 
1998  0.0226805 0.0354122 0.056959 0.0879979 0.118602 0.118572 0.113791 0.10602 0.089131 0.069639 0.0518266 0.0372861 0.0264008 0.0187924 0.013544 0.00971211 0.00675423 0.016879 
1999  0.0220308 0.0335623 0.0486475 0.0728815 0.104179 0.129126 0.124259 0.110599 0.0959673 0.0761902 0.0561564 0.039525 0.0270844 0.0183991 0.0126054 0.00876236 0.00609919 0.0139253 
2000  0.024568 0.0334062 0.0462405 0.0632408 0.0877995 0.115617 0.13251 0.122018 0.101376 0.0817993 0.0614832 0.0430791 0.0289754 0.0191249 0.0125869 0.00836465 0.00564265 0.0121677 
2001  0.0219455 0.0367078 0.0470624 0.0608039 0.0778238 0.0998029 0.121002 0.128791 0.11316 0.0884006 0.0664785 0.0474686 0.0318978 0.0206873 0.0132288 0.00845255 0.00545119 0.0108358 
2002  0.0248386 0.034418 0.0509192 0.0624036 0.0749848 0.0893796 0.105713 0.118191 0.117351 0.0984678 0.0730924 0.0517431 0.0354056 0.0231258 0.0146452 0.00915923 0.00572561 0.0104361 
2003  0.0235211 0.037788 0.0494878 0.0669602 0.0778145 0.0868791 0.096138 0.10484 0.10837 0.100821 0.0810304 0.0578083 0.0390543 0.0258097 0.0165134 0.0102718 0.00630585 0.0105868 
2004  0.0297411 0.0371102 0.0525574 0.0657802 0.0816711 0.0896371 0.0931806 0.0957088 0.0965163 0.0927215 0.0813798 0.0630664 0.0438197 0.0287102 0.0184579 0.0116073 0.00711456 0.0112198 
2005  0.0429878 0.0458784 0.0523144 0.0678183 0.0802414 0.0917239 0.0946916 0.0917033 0.0873095 0.0815583 0.0731278 0.0609233 0.0458268 0.0313233 0.0201489 0.0126656 0.00782999 0.0119276 
2006  0.0324675 0.060691 0.0631023 0.0677958 0.0807507 0.090004 0.0954152 0.0927956 0.0843113 0.0749394 0.0655523 0.0556046 0.0445873 0.0329266 0.0223674 0.0142956 0.00887172 0.0135215 
2007  0.0441179 0.050929 0.0792156 0.0810501 0.0813371 0.0890173 0.0928422 0.0913142 0.0832555 0.0708878 0.058805 0.0482935 0.0389385 0.0301576 0.0218499 0.0146887 0.00928873 0.0140116 
2008  0.0401137 0.0618245 0.0700322 0.0959021 0.0957729 0.0899195 0.0907073 0.0884768 0.0811865 0.0695558 0.0558546 0.043605 0.0339061 0.0261595 0.0196189 0.0139309 0.00924681 0.0141869 
2012  0.0241564 0.0304892 0.050549 0.0813406 0.109674 0.12385 0.120249 0.112304 0.0947508 0.0710563 0.0524455 0.0390633 0.0285255 0.0201595 0.013852 0.00933949 0.00627308 0.0119222 
2013  0.0278743 0.0356761 0.0426424 0.0648454 0.0961138 0.120609 0.127703 0.117227 0.1015 0.0809157 0.0579025 0.0400349 0.0280798 0.0196518 0.0134594 0.00900246 0.0059167 0.0108452 
2014  0.023524 0.0409879 0.0493402 0.0568308 0.078895 0.107589 0.125691 0.124932 0.108269 0.0873196 0.0656325 0.0449766 0.0294331 0.0195103 0.0130702 0.00865139 0.00561179 0.00973557 
2015  0.0264735 0.0362732 0.055254 0.0638587 0.0701636 0.0891033 0.112086 0.122499 0.114927 0.0944874 0.0717021 0.0510939 0.033813 0.0212926 0.013478 0.00867178 0.00556082 0.00926192 
2016  0.0289818 0.0398583 0.0511895 0.0706815 0.0781069 0.0812438 0.0943412 0.109355 0.11195 0.0993536 0.077717 0.0559359 0.0380263 0.0244336 0.0149753 0.00912694 0.00565314 0.00906976 
2017  0.0285879 0.0435466 0.0553678 0.0676476 0.0851054 0.0896183 0.0879117 0.093376 0.0997139 0.0958487 0.0808327 0.0605809 0.0418367 0.0273894 0.0171448 0.0102839 0.00607383 0.0091337 
2018  0.0289411 0.0436506 0.0604384 0.0727198 0.0835593 0.0962517 0.0961285 0.0886097 0.0859987 0.0845001 0.0764017 0.0615403 0.0445447 0.0298427 0.0189839 0.0116011 0.00682367 0.00946411 
2019  0.0294084 0.0438018 0.0606044 0.0781436 0.0886483 0.0953025 0.101 0.0953533 0.0826305 0.0735551 0.0667565 0.0571675 0.0444448 0.0314302 0.0206605 0.0128962 0.00774081 0.0104554 

* wcsiTRLcpue.pearson_resids
1987  -1.87446 
1988  -1.16696 
1989  0.454116 
1990  0.54283 
1991  -0.696322 
1992  -0.486594 
1993  -0.0858 
1994  -0.615199 
1995  0.403429 
1996  0.779141 
1997  0.642852 
1998  0.55206 
1999  1.63761 
2000  -0.165353 
2001  -0.0759079 
2002  0.624495 
2003  -0.793059 
2004  0.840553 
2005  0.0512349 
2006  -0.562641 
2007  -1.01429 
2008  -0.962592 
2009  -1.34837 
2010  -0.384246 
2011  0.206002 
2012  -0.0537039 
2013  0.0738595 
2014  -0.149367 
2015  0.0693929 
2016  1.0061 
2017  0.111003 
2018  0.842539 
2019  0.818816 

* Tangaroa_propn_at_age_Aug.pearson_resids
2000  1.57483 -0.60568 -0.0794887 -0.431921 -0.804318 1.2216 -0.985339 2.85743 -0.0840648 -0.112863 1.15749 -1.17648 -0.310868 -0.817887 -0.177829 -0.64721 0.176267 -0.587372 -0.56335 0.432157 -0.920861 
2012  4.22778 -0.452272 -0.0875575 -0.929739 -0.59679 -0.893319 -0.741643 0.000501348 -0.117821 -0.21835 -0.0889745 0.137877 -0.0866349 0.0144294 -0.658332 1.28286 1.14387 0.892447 0.942124 1.11682 0.896767 
2013  2.64326 0.222906 -0.233116 -0.511911 -0.333305 0.278051 0.293289 0.819316 -0.441742 0.214602 0.0801288 -0.368955 -0.854654 -0.644078 -0.803182 -0.0380443 0.280636 0.483002 0.173885 0.252991 -0.232065 
2016  1.99878 0.181529 -0.0480303 -0.74635 -0.422309 0.180068 0.266131 0.751892 0.151416 0.980426 -0.565079 -0.0377762 -0.545402 -1.37339 -0.0188246 -0.628878 -0.574591 -0.232246 0.221502 0.0660561 1.48874 

* wcsiLLNage.pearson_resids
2003  -0.263215 -0.302296 -0.111988 -0.0517705 -0.080985 -0.060231 0.0264451 0.155619 0.00428966 -0.0734334 -0.167906 -0.150028 0.0242468 -0.00859527 -0.036181 -0.0341091 -0.105763 -0.0720326 1.39704 
2006  -0.194213 0.155179 0.594282 0.964494 0.869192 0.69301 0.801251 0.1727 -0.336273 -0.392976 -0.372724 -0.336778 -0.366842 -0.390872 -0.355794 -0.403015 -0.218329 -0.260416 -0.208547 
2007  -0.273546 -0.0992839 0.364722 -0.143501 0.515792 0.101536 0.100666 -0.0500606 -0.205171 -0.358856 -0.51647 0.31286 -0.562643 0.361764 -0.443157 -0.388022 0.399179 1.07696 0.927878 
2012  -0.43859 -0.569209 -0.594281 -0.452218 -0.3224 -0.193117 -0.0353667 0.0523039 -0.0446879 -0.000856926 -0.0223168 0.313265 -0.0580304 0.283211 0.636482 0.317542 0.624859 0.304474 0.489462 
2015  -0.38676 -0.413958 -0.306017 -0.00543916 0.47549 0.374753 0.61769 0.78649 0.314233 -0.0302687 -0.345117 -0.392316 -0.307231 -0.314583 -0.363051 -0.25411 -0.193362 -0.29163 -0.344389 

* wcsiTRLage.pearson_resids
1991  -1.04986 -1.0413 -1.09115 -1.09255 -0.367986 -0.614776 0.0791649 -0.173749 1.29746 2.63013 0.543331 0.413586 2.12712 1.11695 0.444594 -0.346368 -0.209076 -1.82519 
1994  -1.20625 -0.950255 -0.90629 -0.410233 0.194504 0.312662 0.517954 0.911083 0.166863 0.548619 0.815144 1.22717 -0.284361 -0.237109 0.216998 0.182546 0.0631049 -1.37142 
1995  -0.714973 -0.0902428 -0.231545 0.527454 1.21334 0.875731 -0.365596 0.00663585 -0.183315 -0.178062 0.179714 0.0152066 -0.137007 -0.102388 -0.503045 -0.263247 -0.271834 -1.32281 
1996  -0.892793 -0.69671 -0.0186128 -0.294949 0.149494 0.697591 0.0229553 0.170977 0.253728 0.924765 0.314772 -0.0701254 0.0822571 -0.563767 -0.203424 -0.167157 -0.035726 -0.928495 
1997  -1.30036 -1.33049 -0.765133 -1.17395 -0.979056 -0.148318 0.0907059 0.34008 1.70578 1.77047 0.960251 0.561622 0.238431 0.0229546 0.465514 0.700323 0.328366 -1.22721 
1998  -1.046 -0.445074 -0.752612 -1.33763 -0.428703 1.82239 0.630571 0.514102 0.880326 -0.0772924 0.411623 -0.72305 -0.691312 -0.0585455 -0.477403 0.567553 0.379689 -0.89979 
1999  -0.411974 -0.163391 -0.485511 -0.736452 0.533067 0.617342 0.673309 0.696724 0.188838 -0.445109 -0.331104 -0.671938 -0.201198 -0.670382 0.259224 0.0560177 -0.255585 -0.397556 
2000  -0.624719 -0.55819 -0.548014 -0.39175 1.44541 -1.16043 1.69658 -0.380607 -0.037724 0.693185 -0.770445 -0.0590734 -0.423595 -0.0150767 -0.0745196 0.387746 0.253643 -0.325239 
2001  -0.354291 0.651484 0.229375 -0.443269 -0.162136 0.165985 0.105933 0.211009 -0.00517124 -0.266351 0.430155 -0.369709 0.160912 -0.323291 -0.401115 0.22473 0.022159 -0.334797 
2002  -0.410204 0.122182 0.283668 -0.815444 1.39854 0.207114 -0.0242167 0.391984 0.174507 -0.0206857 -0.253203 -0.429136 -0.730024 -0.345262 -0.148889 -0.162167 -0.416196 -0.0752663 
2003  0.500086 2.28754 0.666085 -0.191446 0.25522 -0.291871 0.0212749 -0.0114059 0.293511 -0.246913 -0.666591 -0.790133 -0.575962 -0.476974 -0.242463 0.607375 -0.194571 -0.741139 
2004  0.037931 0.854486 1.06523 0.31686 0.407644 -0.369772 -0.771365 0.0896649 1.00263 0.268233 0.0421571 -0.471684 -0.821977 -0.621122 -0.809477 -0.39399 -0.445861 -0.970715 
2005  0.99622 1.12613 0.0855836 -0.471037 -0.269481 -0.386278 -0.139336 -0.0623037 -0.214103 -0.238305 -0.494526 0.395579 0.319089 0.326321 -0.134075 0.102755 0.498651 -0.877626 
2006  0.573549 1.44844 0.412039 -0.205392 -0.333433 -0.429034 -0.157772 -0.0538827 0.0479097 -0.172721 -0.305513 -0.24755 0.189037 0.284574 -0.150428 -0.0250518 -0.419856 -0.702456 
2007  -0.43309 0.100488 -0.331645 0.697681 -0.235323 0.129908 -0.498382 -0.156767 -0.0749007 0.519833 0.124178 -0.055223 0.735576 0.117964 -0.154845 -0.293637 0.109455 -0.526009 
2008  -0.0527722 1.57361 -0.430096 -0.180934 -0.146185 -0.624691 -0.497927 -0.317869 -0.119773 0.637977 -0.0985773 0.308287 0.378573 0.128209 0.733818 0.117851 -0.475656 -0.67257 
2012  -0.102639 -0.284741 -0.557591 -0.531186 -0.263897 0.101813 0.334095 0.389489 -0.191979 -0.271983 -0.0703958 0.098686 0.0632376 -0.0354134 0.802282 0.789729 1.19591 0.0219927 
2013  2.62901 1.02683 -0.324329 -0.688869 0.307878 0.489415 0.242823 -0.462094 -0.0911382 -0.238558 -0.574321 -0.707808 -0.649259 -0.61012 -0.158238 0.0290134 0.440006 -0.302537 
2014  0.364898 0.352655 0.22884 0.136313 -0.210997 0.310376 0.491883 -0.312317 0.00329967 -0.31247 -0.706101 0.0768435 -0.456245 -0.0538353 0.0233384 0.38644 -0.383054 0.155505 
2015  2.89508 3.79576 -0.491066 -0.752142 -0.3275 0.369224 -0.35317 -1.30885 -0.34117 -0.559256 -0.627629 0.701338 -0.135836 -0.419279 0.19192 -0.387153 0.67832 -0.324384 
2016  0.0706733 -0.172302 -1.08745 -1.34867 -0.525324 -0.0202697 0.648591 -0.0632724 0.672783 0.117802 0.721119 -0.115143 -0.355602 1.03503 0.334642 0.292455 -0.0565816 0.145205 
2017  2.16147 1.41614 -0.715866 -1.40279 -0.278112 -1.15403 0.307235 -0.256958 -0.570322 -0.258877 0.612577 0.822391 0.0828763 0.11383 0.975498 -0.128864 0.186953 -0.186772 
2018  0.266379 0.282902 -0.630926 -0.630875 -0.36649 -0.939845 -0.615908 0.20399 1.16957 -0.0400032 0.800893 0.590437 -0.242089 -0.499538 0.591142 0.159534 0.28365 0.583371 
2019  0.879176 -0.372678 -1.01497 -1.12232 0.146171 -0.228364 0.599294 0.521719 0.902082 0.540468 0.0836488 0.289904 -0.462926 -0.716994 -0.509249 -0.152855 0.217919 -0.233183 

* wcsiTRLcpue.normalised_resids
1987  -3.4701 
1988  -1.44612 
1989  0.628535 
1990  0.704554 
1991  -0.655334 
1992  -0.367802 
1993  0.105356 
1994  -0.540438 
1995  0.583663 
1996  0.897915 
1997  0.788393 
1998  0.711836 
1999  1.50036 
2000  0.0158012 
2001  0.11345 
2002  0.772218 
2003  -0.798695 
2004  0.945641 
2005  0.246193 
2006  -0.468986 
2007  -1.16198 
2008  -1.07247 
2009  -1.83053 
2010  -0.239314 
2011  0.399602 
2012  0.137129 
2013  0.268717 
2014  0.0331721 
2015  0.264208 
2016  1.07083 
2017  0.305912 
2018  0.946893 
2019  0.928414 

* TRL
1972  48826.3 
1973  48643.3 
1974  48403.2 
1975  47750 
1976  46735.5 
1977  45320.7 
1978  45280.8 
1979  44663.2 
1980  43668 
1981  42319.8 
1982  40454.2 
1983  37914.1 
1984  35400.9 
1985  33479.1 
1986  31404.2 
1987  29518.7 
1988  27489.2 
1989  25384.1 
1990  23632.3 
1991  22259.8 
1992  21212.9 
1993  20627.1 
1994  20426.3 
1995  20310.1 
1996  20196.8 
1997  20405.1 
1998  20861 
1999  21130.8 
2000  21322.5 
2001  21173.3 
2002  20883 
2003  20420.4 
2004  19837.2 
2005  19300.3 
2006  19024.4 
2007  18634 
2008  18675 
2009  19155.7 
2010  19640 
2011  20102 
2012  20556.3 
2013  20943.4 
2014  21173.8 
2015  21383.4 
2016  21272.7 

Output quantities finish here

