CASAL (C++ algorithmic stock assessment laboratory)
Call: C:\PROGRA~2\CASAL\casal.exe -e -q -O Parameters-PointEstimates.txt 
Date: Fri Apr 03 05:48:37 2020
v2.30-2016-05-01 23:58:51 UTC (rev.5470)  (c) Copyright 2002-2012, NIWA
User name: kienzlemj
Machine name: NIWA-1017300 (Microsoft Windows, PID=553448)

Random number seed : 56917

A fish of size 70 cm has a weight of 1.37743 kg in your model. This size-weight scale check assumes that the growth curve is in centimetres, and that the catch is in tonnes.

A fish of size 70 cm has a weight of 1.37743 kg in your model. This size-weight scale check assumes that the growth curve is in centimetres, and that the catch is in tonnes.

Estimation section :

Objective function: Bayes

Observations:

The observations are:
wcsiTANbio
Tangaroa_propn_at_age_Aug
wcsiLLNage
wcsiTRLage
Fits follow:

wcsiTANbio :
relative abundances in time step 2 using selectivity wcsiTANsel:
year obs     
2000    1861
2012    2169
2013    2000
2016    1635
2018    1682
objective function: lognormal likelihood, with cv = 
0.264441 
0.248805 
0.271765 
0.236916 
0.271089 

Tangaroa_propn_at_age_Aug :
proportions-at-age in time step 2 using selectivity wcsiTANsel with ageing error (constrained to sum to 1):
obs (last class is a plus group):
class       3       4       5       6       7       8       9      10      11      12      13      14      15      16      17      18      19      20      21      22      23 
2000   0.021  0.0433  0.0476  0.0355  0.0317  0.1025  0.0608  0.2001  0.0944  0.0794  0.1029  0.0283   0.039  0.0194  0.0247  0.0115  0.0196  0.0062  0.0044  0.0125  0.0153 
2012  0.0436  0.0477  0.0431  0.0275    0.05  0.0607  0.0761  0.0962  0.0865  0.0718  0.0601  0.0544  0.0418  0.0372  0.0187   0.045  0.0357  0.0266  0.0226  0.0203  0.0345 
2013  0.0339  0.0728  0.0483  0.0305  0.0435  0.0838  0.1055  0.1294  0.0791  0.0896  0.0721  0.0456  0.0241  0.0224  0.0141  0.0228  0.0225  0.0204  0.0127  0.0107  0.0161 
2016   0.029   0.073  0.0574  0.0297  0.0439  0.0653  0.0712  0.0976  0.0916  0.1253  0.0669  0.0725  0.0442  0.0116  0.0339  0.0129  0.0086  0.0097  0.0118  0.0072  0.0366 
objective function: multinomial likelihood, with delta = 1e-006, N =
85 85 85 85 85 85 85 85 85 85 85 85 85 85 85 85 85 85 85 85 85 
93 93 93 93 93 93 93 93 93 93 93 93 93 93 93 93 93 93 93 93 93 
79 79 79 79 79 79 79 79 79 79 79 79 79 79 79 79 79 79 79 79 79 
69 69 69 69 69 69 69 69 69 69 69 69 69 69 69 69 69 69 69 69 69 

wcsiLLNage :
catch proportions-at-age for fishery wcsiLLN  with ageing error (constrained to sum to 1):
obs (last class is a plus group):
class       5       6       7       8       9      10      11      12      13      14      15      16      17      18      19      20      21      22      23 
2003  0.0001  0.0009  0.0199  0.0321  0.0401  0.0592  0.0915  0.1266  0.1053  0.0871  0.0644  0.0555  0.0633  0.0452  0.0306  0.0216  0.0102   0.008  0.1384 
2006  0.0105  0.0312  0.0667   0.104  0.1134  0.1124  0.1359  0.0919  0.0528  0.0559  0.0603  0.0568  0.0404  0.0247  0.0163  0.0044  0.0088   0.002  0.0115 
2007  0.0106   0.021  0.0519  0.0258  0.0839  0.0618  0.0705  0.0646  0.0583  0.0508  0.0385  0.1286   0.024  0.0994  0.0125  0.0075  0.0457  0.0644  0.0802 
2012  0.0001  0.0001  0.0064  0.0241  0.0395   0.058  0.0735  0.0792  0.0725  0.0775  0.0737  0.0947  0.0562  0.0703  0.0811  0.0502  0.0551  0.0303  0.0574 
2015       0       0  0.0086  0.0401  0.1038  0.1192  0.1617  0.1872   0.134  0.0885  0.0443  0.0301  0.0294  0.0206  0.0097  0.0104  0.0083  0.0002   0.004 
objective function: multinomial likelihood, with delta = 1e-006, N =
4 4 4 4 4 4 4 4 4 4 4 4 4 4 4 4 4 4 4 
7 7 7 7 7 7 7 7 7 7 7 7 7 7 7 7 7 7 7 
7 7 7 7 7 7 7 7 7 7 7 7 7 7 7 7 7 7 7 
10 10 10 10 10 10 10 10 10 10 10 10 10 10 10 10 10 10 10 
7 7 7 7 7 7 7 7 7 7 7 7 7 7 7 7 7 7 7 

wcsiTRLage :
catch proportions-at-age for fishery wcsiTRL  with ageing error (constrained to sum to 1):
obs (last class is a plus group):
class       4       5       6       7       8       9      10      11      12      13      14      15      16      17      18      19      20      21 
1991  0.0019 0.00867 0.01289 0.01899 0.05611  0.0498 0.09025 0.08281 0.15009 0.18811 0.07258 0.05073 0.09159 0.05713 0.03708 0.01445 0.01586 0.00099 
1994 0.00774 0.01834 0.03519  0.0685 0.10194 0.10772 0.11276  0.1212 0.07918 0.08546 0.08528 0.08585 0.02536 0.01747 0.02009 0.01457 0.01032 0.00302 
1995 0.01682 0.06364 0.06187 0.10948 0.15091 0.13745 0.07993 0.08568 0.06677 0.05543 0.05655 0.04224 0.02936 0.02177 0.00748 0.00721  0.0045  0.0029 
1996 0.00175 0.02373 0.08429 0.07405 0.11041 0.14819 0.10401 0.09993 0.08899 0.10259 0.06099 0.03557 0.03219 0.00723 0.01149 0.00782 0.00677       0 
1997 0.00172 0.01238 0.04817 0.06349 0.07279 0.10586 0.11388 0.10996 0.13421 0.11345 0.07241  0.0483 0.03144 0.02062 0.02124 0.01856  0.0102 0.00131 
1998 0.00187 0.02442 0.03365 0.03736 0.10008  0.1973 0.14055 0.12717 0.12265 0.06701 0.06402 0.01898 0.01159 0.01773 0.00617 0.01715 0.01091 0.00139 
1999 0.01395 0.02963 0.03469  0.0473 0.12594 0.15679 0.15394  0.1398  0.1034 0.06041 0.04597 0.02203 0.02272 0.00636 0.01647 0.00946 0.00344  0.0077 
2000 0.00982 0.01811 0.02869  0.0487 0.15018 0.05903 0.22023 0.10302 0.09964 0.11077 0.03326 0.04125 0.01814 0.01881 0.01132 0.01375 0.00854 0.00673 
2001 0.01403 0.05539 0.05447 0.04465  0.0712 0.10739 0.12627 0.13957 0.11291 0.07687 0.08282 0.03548 0.03621 0.01367 0.00624 0.01159  0.0057 0.00555 
2002 0.01761 0.03694 0.05798 0.04007 0.11669 0.09607 0.10487 0.13252 0.12371 0.09777 0.06563 0.04098 0.02013 0.01725 0.01262 0.00741 0.00217 0.00957 
2003 0.03285 0.09148 0.06727 0.06107 0.08623 0.07676 0.09691 0.10441  0.1196 0.09167 0.05864 0.03511 0.02532  0.0165 0.01271 0.01781 0.00441 0.00125 
2004 0.03044 0.05463 0.07834  0.0743 0.09378 0.07818 0.06886 0.09857 0.12863 0.10116 0.08263 0.05063 0.02557 0.01746 0.00664 0.00703 0.00305 0.00013 
2005 0.06786 0.07488 0.05466 0.05324 0.07123   0.078 0.08967 0.08949 0.07987 0.07353 0.05728 0.07257 0.05404 0.03832 0.01783 0.01408 0.01324  0.0002 
2006 0.04941 0.11833  0.0798 0.05919 0.06561 0.06954 0.08769 0.09019 0.08653 0.06736 0.05295 0.04615 0.05109 0.04139 0.01866  0.0138 0.00231       0 
2007 0.02471 0.05575 0.05967  0.1226  0.0673 0.09709 0.06128 0.08146 0.07874     0.1 0.06518 0.04571 0.06999 0.03456 0.01691 0.00698 0.01158 0.00052 
2008 0.03857 0.11832 0.05367 0.08796 0.08936 0.06328 0.06939 0.07502 0.07631 0.09375 0.05248 0.05299 0.04412 0.02921 0.03479 0.01599 0.00246 0.00233 
2012 0.02153 0.02233 0.03019 0.05714 0.09593 0.12944 0.13836  0.1328 0.08538 0.05941 0.04983 0.04225 0.03028 0.01933 0.02948   0.022 0.02201 0.01232 
2013  0.0796 0.05844 0.03481 0.04457 0.10696 0.13966 0.13739 0.09946 0.09821 0.07314 0.04187 0.02345 0.01526 0.00953 0.01128 0.00933 0.00995  0.0071 
2014 0.03437  0.0547 0.05906 0.06302 0.06774 0.12645 0.15767 0.10468 0.10847 0.07002 0.03134  0.0481 0.01431 0.01805 0.01359 0.01567       0 0.01273 
2015 0.07272 0.10689 0.04409 0.04556 0.06184 0.09957   0.101  0.0798  0.1041 0.07821 0.05559 0.06646 0.03137 0.01527 0.01568  0.0051 0.01058 0.00617 
2016 0.03036 0.03594 0.02333  0.0305 0.06172  0.0806 0.11638 0.10706 0.13661 0.10345 0.10016 0.05286 0.03012 0.04301  0.0197 0.01236 0.00516 0.01067 
2017 0.07164 0.07809  0.0358 0.02554 0.07583 0.05022 0.09831 0.08444 0.07929 0.08674 0.10079 0.08403 0.04382 0.02961 0.03228 0.00873 0.00781 0.00701 
2018 0.03448 0.05082 0.04179  0.0524 0.07098 0.06187 0.07361  0.0958 0.12667 0.08312 0.10279 0.07914 0.03835  0.0193 0.02899 0.01372 0.00972 0.01647 
2019 0.04729 0.03462 0.03145 0.04188 0.09365 0.08723 0.12274  0.1138 0.11253 0.09054 0.06927 0.06527 0.03296 0.01637 0.01194 0.01082 0.01004  0.0076 
objective function: multinomial likelihood, with delta = 1e-006, N =
33 33 33 33 33 33 33 33 33 33 33 33 33 33 33 33 33 33 
39 39 39 39 39 39 39 39 39 39 39 39 39 39 39 39 39 39 
51 51 51 51 51 51 51 51 51 51 51 51 51 51 51 51 51 51 
30 30 30 30 30 30 30 30 30 30 30 30 30 30 30 30 30 30 
80 80 80 80 80 80 80 80 80 80 80 80 80 80 80 80 80 80 
56 56 56 56 56 56 56 56 56 56 56 56 56 56 56 56 56 56 
56 56 56 56 56 56 56 56 56 56 56 56 56 56 56 56 56 56 
43 43 43 43 43 43 43 43 43 43 43 43 43 43 43 43 43 43 
43 43 43 43 43 43 43 43 43 43 43 43 43 43 43 43 43 43 
78 78 78 78 78 78 78 78 78 78 78 78 78 78 78 78 78 78 
66 66 66 66 66 66 66 66 66 66 66 66 66 66 66 66 66 66 
85 85 85 85 85 85 85 85 85 85 85 85 85 85 85 85 85 85 
66 66 66 66 66 66 66 66 66 66 66 66 66 66 66 66 66 66 
36 36 36 36 36 36 36 36 36 36 36 36 36 36 36 36 36 36 
21 21 21 21 21 21 21 21 21 21 21 21 21 21 21 21 21 21 
45 45 45 45 45 45 45 45 45 45 45 45 45 45 45 45 45 45 
36 36 36 36 36 36 36 36 36 36 36 36 36 36 36 36 36 36 
70 70 70 70 70 70 70 70 70 70 70 70 70 70 70 70 70 70 
26 26 26 26 26 26 26 26 26 26 26 26 26 26 26 26 26 26 
101 101 101 101 101 101 101 101 101 101 101 101 101 101 101 101 101 101 
74 74 74 74 74 74 74 74 74 74 74 74 74 74 74 74 74 74 
70 70 70 70 70 70 70 70 70 70 70 70 70 70 70 70 70 70 
65 65 65 65 65 65 65 65 65 65 65 65 65 65 65 65 65 65 
69 69 69 69 69 69 69 69 69 69 69 69 69 69 69 69 69 69 


Ageing_error:
  Misclassification matrix:
0.904811 0.0475884 5.83201e-006 0 0 0 0 0 0 0 0 0 0 0 0 0 0 0 0 0 0 0 0 0 0 0 
0.105622 0.788391 0.105622 0.000182198 0 0 0 0 0 0 0 0 0 0 0 0 0 0 0 0 0 0 0 0 0 0 
0.00157333 0.157297 0.682248 0.157297 0.00157333 5.83201e-006 0 0 0 0 0 0 0 0 0 0 0 0 0 0 0 0 0 0 0 0 
5.57713e-005 0.00628237 0.196083 0.595158 0.196083 0.00628237 5.57713e-005 0 0 0 0 0 0 0 0 0 0 0 0 0 0 0 0 0 0 0 
5.83201e-006 0.000298814 0.0156538 0.221513 0.525057 0.221513 0.0156538 0.000298814 5.83201e-006 0 0 0 0 0 0 0 0 0 0 0 0 0 0 0 0 0 
0 3.12269e-005 0.00107309 0.0290638 0.23566 0.468343 0.23566 0.0290638 0.00107309 3.12269e-005 0 0 0 0 0 0 0 0 0 0 0 0 0 0 0 0 
0 5.83201e-006 0.000116599 0.00283592 0.0446359 0.24145 0.421911 0.24145 0.0446359 0.00283592 0.000116599 5.83201e-006 0 0 0 0 0 0 0 0 0 0 0 0 0 0 
0 0 2.21519e-005 0.000352257 0.00596373 0.0603917 0.241575 0.38339 0.241575 0.0603917 0.00596373 0.000352257 2.21519e-005 0 0 0 0 0 0 0 0 0 0 0 0 0 
0 0 5.83201e-006 6.31851e-005 0.000868915 0.0105694 0.0748871 0.238096 0.351018 0.238096 0.0748871 0.0105694 0.000868915 6.31851e-005 5.83201e-006 0 0 0 0 0 0 0 0 0 0 0 
0 0 0 1.76561e-005 0.000164542 0.00181897 0.0164674 0.0873361 0.232449 0.323492 0.232449 0.0873361 0.0164674 0.00181897 0.000164542 1.76561e-005 0 0 0 0 0 0 0 0 0 0 
0 0 0 5.83201e-006 4.07787e-005 0.000371793 0.00333349 0.0232663 0.0974771 0.225587 0.299834 0.225587 0.0974771 0.0232663 0.00333349 0.000371793 4.07787e-005 5.83201e-006 0 0 0 0 0 0 0 0 
0 0 0 0 1.50308e-005 9.43067e-005 0.000744898 0.0054839 0.0305034 0.10538 0.218125 0.279307 0.218125 0.10538 0.0305034 0.0054839 0.000744898 9.43067e-005 1.50308e-005 0 0 0 0 0 0 0 
0 0 0 0 5.83201e-006 2.92093e-005 0.000196478 0.00134764 0.00826393 0.0377512 0.111282 0.210453 0.261341 0.210453 0.111282 0.0377512 0.00826393 0.00134764 0.000196478 2.92093e-005 5.83201e-006 0 0 0 0 0 
0 0 0 0 0 1.33291e-005 6.14503e-005 0.000373715 0.0022358 0.0115952 0.0446758 0.115484 0.202813 0.245497 0.202813 0.115484 0.0446758 0.0115952 0.0022358 0.000373715 6.14503e-005 1.33291e-005 0 0 0 0 
0 0 0 0 0 5.83201e-006 2.23847e-005 0.000119357 0.000656488 0.0034463 0.0153489 0.0510516 0.118285 0.195351 0.231426 0.195351 0.118285 0.0510516 0.0153489 0.0034463 0.000656488 0.000119357 2.23847e-005 5.83201e-006 0 0 
0 0 0 0 0 0 1.21442e-005 4.36272e-005 0.00021593 0.00107579 0.00499065 0.0193728 0.0567512 0.119959 0.188153 0.218851 0.188153 0.119959 0.0567512 0.0193728 0.00499065 0.00107579 0.00021593 4.36272e-005 1.21442e-005 0 
0 0 0 0 0 0 5.83201e-006 1.79732e-005 7.9837e-005 0.000366679 0.00165898 0.00685381 0.0235146 0.0617234 0.120737 0.181266 0.207551 0.181266 0.120737 0.0617234 0.0235146 0.00685381 0.00165898 0.000366679 7.9837e-005 2.38052e-005 
0 0 0 0 0 0 0 1.1275e-005 3.29002e-005 0.000138023 0.00058849 0.00242606 0.00899788 0.027639 0.065971 0.120814 0.17471 0.197342 0.17471 0.120814 0.065971 0.027639 0.00899788 0.00242606 0.00058849 0.000182198 
0 0 0 0 0 0 0 5.83201e-006 1.49262e-005 5.72336e-005 0.000226654 0.000898098 0.00338702 0.0113686 0.0316358 0.0695307 0.120347 0.16849 0.188076 0.16849 0.120347 0.0695307 0.0316358 0.0113686 0.00338702 0.00120274 
0 0 0 0 0 0 0 0 1.0612e-005 2.59326e-005 9.50392e-005 0.000355276 0.0013104 0.00454088 0.0139031 0.0354229 0.0724585 0.119461 0.162601 0.179631 0.162601 0.119461 0.0724585 0.0354229 0.0139031 0.00633814 
0 0 0 0 0 0 0 0 5.83201e-006 1.2714e-005 4.32006e-005 0.000151246 0.000533914 0.00183694 0.00587616 0.0165362 0.0389445 0.0748191 0.118257 0.157033 0.171902 0.157033 0.118257 0.0748191 0.0389445 0.0249962 
0 0 0 0 0 0 0 0 0 1.00903e-005 2.11366e-005 6.92336e-005 0.000231508 0.000772348 0.00248477 0.00737261 0.0192065 0.0421674 0.0766787 0.116814 0.15177 0.164803 0.15177 0.116814 0.0766787 0.0723356 
0 0 0 0 0 0 0 0 0 5.83201e-006 1.10445e-005 3.39213e-005 0.000107061 0.000341957 0.00107935 0.00325586 0.00900357 0.0218593 0.0450767 0.0781016 0.115196 0.146797 0.158262 0.146797 0.115196 0.158876 
0 0 0 0 0 0 0 0 0 0 9.66971e-006 1.76823e-005 5.26864e-005 0.000160186 0.000488886 0.00146198 0.00414705 0.0107386 0.024449 0.047671 0.0791472 0.113453 0.142096 0.152214 0.142096 0.281797 
0 0 0 0 0 0 0 0 0 0 5.83201e-006 9.74506e-006 2.74726e-005 7.93813e-005 0.000232481 0.00067837 0.00192507 0.00515051 0.0125459 0.0269395 0.0499588 0.0798691 0.111622 0.137652 0.146608 0.426696 
0 0 0 0 0 0 0 0 0 0 0 9.32368e-006 1.51024e-005 4.15043e-005 0.000116268 0.00032804 0.000915896 0.00247088 0.00625455 0.0143943 0.0293038 0.0519551 0.080315 0.109736 0.133447 0.570698 

Free parameters:

q[wcsiTAN].q
lognormal with mean 0.07, c.v. 0.7 : bounds from 0.001 to 1
current value: 0.3
lower bound: 0.001
upper bound: 1

q[wcsiTRLcpue].q
uniform-log: bounds from 1e-008 to 0.001
current value: 1e-005
lower bound: 1e-008
upper bound: 0.001

initialization.B0
uniform-log: bounds from 10000 to 500000
current value: 200000
lower bound: 10000
upper bound: 500000

selectivity[wcsiTANsel].mature (parameters)
uniform:
bounds of
0.1 0.1 0.1 
100 200 200 
current values: 8 1 150 
lower bounds: 0.1 0.1 0.1 
upper bounds: 100 200 200 

selectivity[wcsiTANsel].immature (parameters)
uniform:
bounds of
3 1 0.001 
3 1 1 
current values: 3 1 0.1 
lower bounds: 3 1 0.001 
upper bounds: 3 1 1 

selectivity[wcsiTRLsel].all (parameters)
uniform:
bounds of
0 0.1 0.1 
50 200 200 
current values: 10 3 150 
lower bounds: 0 0.1 0.1 
upper bounds: 50 200 200 

selectivity[wcsiLLNsel].all (parameters)
uniform:
bounds of
1 1 
20 200 
current values: 13.34 4.23 
lower bounds: 1 1 
upper bounds: 20 200 

recruitment.YCS
lognormal with means 1 1 1 1 1 1 1 1 1 1 1 1 1 1 1 1 1 1 1 1 1 1 1 1 1 1 1 1 1 1 1 1 1 1 1 1 1 1 1 1 1 1 1 1 1 1 1 1 1 c.v.s 0.7 0.7 0.7 0.7 0.7 0.7 0.7 0.7 0.7 0.7 0.7 0.7 0.7 0.7 0.7 0.7 0.7 0.7 0.7 0.7 0.7 0.7 0.7 0.7 0.7 0.7 0.7 0.7 0.7 0.7 0.7 0.7 0.7 0.7 0.7 0.7 0.7 0.7 0.7 0.7 0.7 0.7 0.7 0.7 0.7 0.7 0.7 0.7 0.7 :
bounds of
1 1 1 1 1 1 0.01 0.01 0.01 0.01 0.01 0.01 0.01 0.01 0.01 0.01 0.01 0.01 0.01 0.01 0.01 0.01 0.01 0.01 0.01 0.01 0.01 0.01 0.01 0.01 0.01 0.01 0.01 0.01 0.01 0.01 0.01 0.01 0.01 0.01 0.01 0.01 0.01 0.01 0.01 1 1 1 1 
1 1 1 1 1 1 100 100 100 100 100 100 100 100 100 100 100 100 100 100 100 100 100 100 100 100 100 100 100 100 100 100 100 100 100 100 100 100 100 100 100 100 100 100 100 1 1 1 1 
current values: 1 1 1 1 1 1 1 1 1 1 1.17 1.12 0.62 0.83 0.53 0.7 0.68 0.74 0.76 0.9 0.9 0.92 1.25 0.87 0.8 0.72 0.78 0.67 0.81 0.75 1.02 1.06 1.61 2.46 1.87 1.3 1 1 1 1 1 1 1 1 1 1 1 1 1 
lower bounds: 1 1 1 1 1 1 0.01 0.01 0.01 0.01 0.01 0.01 0.01 0.01 0.01 0.01 0.01 0.01 0.01 0.01 0.01 0.01 0.01 0.01 0.01 0.01 0.01 0.01 0.01 0.01 0.01 0.01 0.01 0.01 0.01 0.01 0.01 0.01 0.01 0.01 0.01 0.01 0.01 0.01 0.01 1 1 1 1 
upper bounds: 1 1 1 1 1 1 100 100 100 100 100 100 100 100 100 100 100 100 100 100 100 100 100 100 100 100 100 100 100 100 100 100 100 100 100 100 100 100 100 100 100 100 100 100 100 1 1 1 1 


Q's:
qs are treated as ordinary free parameters
wcsiTAN has current value 0.3

Penalties:
clp1 :
Catch limit penalty of 10000 x the sum of squares of (log(actual catch) - log(specified catch)) for fishery wcsiTRL to disencourage breaking exploitation rate limits
clp2 :
Catch limit penalty of 10000 x the sum of squares of (log(actual catch) - log(specified catch)) for fishery wcsiLLN to disencourage breaking exploitation rate limits
YCS_average_1 :
Vector average penalty of 6 x square of (mean(recruitment.YCS) - 1) 

Components of the objective function are:
  wcsiTANbio
  Tangaroa_propn_at_age_Aug
  wcsiLLNage
  wcsiTRLage
  prior_on_q[wcsiTAN].q
  prior_on_q[wcsiTRLcpue].q
  prior_on_initialization.B0
  prior_on_selectivity[wcsiTANsel].mature
  prior_on_selectivity[wcsiTANsel].immature
  prior_on_selectivity[wcsiTRLsel].all
  prior_on_selectivity[wcsiLLNsel].all
  prior_on_recruitment.YCS
  clp1
  clp2
  YCS_average_1

Random number seed : 56917


In phase 1 Minimiser achieved convergence after 44 quasi-Newton iterations using 82 objective function evaluations

In phase 2 Minimiser achieved convergence after 34 quasi-Newton iterations using 69 objective function evaluations

The following parameters were estimated at or near a bound:
Parameter        Estimate  lower_bound  upper_bound
q[wcsiTRLcpue].q  1.00001e-008  1e-008  0.001

Start extracting output from here

Point estimate:
q[wcsiTAN].q
current value: 0.207293
lower bound: 0.001
upper bound: 1

q[wcsiTRLcpue].q
current value: 1.00001e-008
lower bound: 1e-008
upper bound: 0.001

initialization.B0
current value: 55943.2
lower bound: 10000
upper bound: 500000

selectivity[wcsiTANsel].mature (parameters)
current values: 24.6728 9.26323 150.327 
lower bounds: 0.1 0.1 0.1 
upper bounds: 100 200 200 

selectivity[wcsiTANsel].immature (parameters)
current values: 3 1 0.0450664 
lower bounds: 3 1 0.001 
upper bounds: 3 1 1 

selectivity[wcsiTRLsel].all (parameters)
current values: 14.934 5.11194 148.613 
lower bounds: 0 0.1 0.1 
upper bounds: 50 200 200 

selectivity[wcsiLLNsel].all (parameters)
current values: 15.4188 6.036 
lower bounds: 1 1 
upper bounds: 20 200 

recruitment.YCS
current values: 1 1 1 1 1 1 0.426711 0.458064 0.487752 0.52246 0.480005 0.545723 0.463852 0.399131 0.381397 0.427149 0.479415 0.517399 0.594082 0.677428 0.741573 0.633217 1.10738 0.644539 0.642681 0.519447 0.534373 0.513589 0.584296 0.464933 0.540047 0.445597 0.596321 0.833752 0.517529 0.883404 0.728056 0.653195 0.470604 0.397465 0.544064 0.606036 0.451683 0.567708 0.591743 1 1 1 1 
lower bounds: 1 1 1 1 1 1 0.01 0.01 0.01 0.01 0.01 0.01 0.01 0.01 0.01 0.01 0.01 0.01 0.01 0.01 0.01 0.01 0.01 0.01 0.01 0.01 0.01 0.01 0.01 0.01 0.01 0.01 0.01 0.01 0.01 0.01 0.01 0.01 0.01 0.01 0.01 0.01 0.01 0.01 0.01 1 1 1 1 
upper bounds: 1 1 1 1 1 1 100 100 100 100 100 100 100 100 100 100 100 100 100 100 100 100 100 100 100 100 100 100 100 100 100 100 100 100 100 100 100 100 100 100 100 100 100 100 100 1 1 1 1 


In a format suitable for -i :

q[wcsiTAN].q q[wcsiTRLcpue].q initialization.B0 selectivity[wcsiTANsel].mature 3 selectivity[wcsiTANsel].immature 3 selectivity[wcsiTRLsel].all 3 selectivity[wcsiLLNsel].all 2 recruitment.YCS 49 
0.207293 1.00001e-008 55943.2 24.6728 9.26323 150.327 3 1 0.0450664 14.934 5.11194 148.613 15.4188 6.036 1 1 1 1 1 1 0.426711 0.458064 0.487752 0.52246 0.480005 0.545723 0.463852 0.399131 0.381397 0.427149 0.479415 0.517399 0.594082 0.677428 0.741573 0.633217 1.10738 0.644539 0.642681 0.519447 0.534373 0.513589 0.584296 0.464933 0.540047 0.445597 0.596321 0.833752 0.517529 0.883404 0.728056 0.653195 0.470604 0.397465 0.544064 0.606036 0.451683 0.567708 0.591743 1 1 1 1 

Objective function : 755.839

Components :
                                        wcsiTANbio -6.34375
                         Tangaroa_propn_at_age_Aug 139.49
                                        wcsiLLNage 48.2397
                                        wcsiTRLage 593.314
                             prior_on_q[wcsiTAN].q 0.496819
                         prior_on_q[wcsiTRLcpue].q -18.4207
                        prior_on_initialization.B0 10.9321
           prior_on_selectivity[wcsiTANsel].mature 0
         prior_on_selectivity[wcsiTANsel].immature 0
              prior_on_selectivity[wcsiTRLsel].all 0
              prior_on_selectivity[wcsiLLNsel].all 0
                          prior_on_recruitment.YCS -12.5844
                                              clp1 0
                                              clp2 0
                                     YCS_average_1 0.715943

Fits : 

The observations are:
wcsiTANbio
Tangaroa_propn_at_age_Aug
wcsiLLNage
wcsiTRLage
Fits follow:

wcsiTANbio :
relative (with q = 0.207293) abundances in time step 2 using selectivity wcsiTANsel:
year obs     fits    resids  Pearson_resids Normalised_resids 
2000    1861 1914.48 -53.4755 -0.105627 0.0210259
2012    2169 1823.06 345.944 0.762688 0.831505
2013    2000 1821.43 178.572 0.360753 0.483837
2016    1635 1798.69 -163.687 -0.384118 -0.291452
2018    1682 1715.41 -33.4055 -0.0718356 0.059299
objective function: lognormal likelihood, with cv = 
0.264441 
0.248805 
0.271765 
0.236916 
0.271089 

Tangaroa_propn_at_age_Aug :
proportions-at-age in time step 2 using selectivity wcsiTANsel with ageing error (constrained to sum to 1):
obs (last class is a plus group):
class       3       4       5       6       7       8       9      10      11      12      13      14      15      16      17      18      19      20      21      22      23 
2000   0.021  0.0433  0.0476  0.0355  0.0317  0.1025  0.0608  0.2001  0.0944  0.0794  0.1029  0.0283   0.039  0.0194  0.0247  0.0115  0.0196  0.0062  0.0044  0.0125  0.0153 
2012  0.0436  0.0477  0.0431  0.0275    0.05  0.0607  0.0761  0.0962  0.0865  0.0718  0.0601  0.0544  0.0418  0.0372  0.0187   0.045  0.0357  0.0266  0.0226  0.0203  0.0345 
2013  0.0339  0.0728  0.0483  0.0305  0.0435  0.0838  0.1055  0.1294  0.0791  0.0896  0.0721  0.0456  0.0241  0.0224  0.0141  0.0228  0.0225  0.0204  0.0127  0.0107  0.0161 
2016   0.029   0.073  0.0574  0.0297  0.0439  0.0653  0.0712  0.0976  0.0916  0.1253  0.0669  0.0725  0.0442  0.0116  0.0339  0.0129  0.0086  0.0097  0.0118  0.0072  0.0366 
fits (last class is a plus group):
class       3       4       5       6       7       8       9      10      11      12      13      14      15      16      17      18      19      20      21      22      23 
2000 0.00715885 0.0611614 0.0515619 0.0464864 0.0512796 0.069766 0.094296 0.109673 0.102155 0.0871119 0.073779 0.059633 0.0460197 0.0346941 0.0259056 0.0193642 0.0146249 0.0111618 0.00849152 0.00633304 0.0193435 
2012 0.00697672 0.0583898 0.0444587 0.0467077 0.0625599 0.084112 0.0978862 0.0975021 0.0934617 0.0822919 0.0666569 0.0548182 0.0460936 0.0381201 0.030465 0.0236095 0.0179594 0.013599 0.0102842 0.00767091 0.0163766 
2013 0.00776467 0.0664132 0.0538651 0.0410725 0.0498077 0.0735196 0.0954778 0.103088 0.0964611 0.0865799 0.0733581 0.0578618 0.0455154 0.0365659 0.0291293 0.0225505 0.0169777 0.0125607 0.0092448 0.00681121 0.0153748 
2016 0.00795449 0.0686679 0.0593058 0.0486785 0.0541827 0.0591369 0.0639565 0.0763497 0.0902664 0.0952748 0.0887814 0.0747291 0.0592905 0.04499 0.0325496 0.0228037 0.0160094 0.0113507 0.00801507 0.00558521 0.0121215 
resids (last class is a plus group):
class       3       4       5       6       7       8       9      10      11      12      13      14      15      16      17      18      19      20      21      22      23 
2000 0.0138411 -0.0178614 -0.00396187 -0.0109864 -0.0195796 0.032734 -0.033496 0.090427 -0.00775452 -0.00771186 0.029121 -0.031333 -0.00701966 -0.0152941 -0.00120561 -0.00786422 0.00497509 -0.00496183 -0.00409152 0.00616696 -0.00404354 
2012 0.0366233 -0.0106898 -0.00135868 -0.0192077 -0.0125599 -0.023412 -0.0217862 -0.00130208 -0.00696172 -0.0104919 -0.00655687 -0.000418195 -0.00429356 -0.000920139 -0.011765 0.0213905 0.0177406 0.013001 0.0123158 0.0126291 0.0181234 
2013 0.0261353 0.00638684 -0.00556509 -0.0105725 -0.0063077 0.0102804 0.0100222 0.0263115 -0.0173611 0.00302014 -0.00125807 -0.0122618 -0.0214154 -0.0141659 -0.0150293 0.000249505 0.00552233 0.00783935 0.0034552 0.00388879 0.00072519 
2016 0.0210455 0.00433214 -0.00190575 -0.0189785 -0.0102827 0.00616309 0.00724346 0.0212503 0.00133359 0.0300252 -0.0218814 -0.00222908 -0.0150905 -0.03339 0.0013504 -0.00990375 -0.00740943 -0.00165075 0.00378493 0.00161479 0.0244785 
pearson_resids (last class is a plus group):
class       3       4       5       6       7       8       9      10      11      12      13      14      15      16      17      18      19      20      21      22      23 
2000 1.51363 -0.687214 -0.165174 -0.481104 -0.818412 1.18465 -1.05673 2.66798 -0.236067 -0.252128 1.02705 -1.21989 -0.308876 -0.770499 -0.0699714 -0.526152 0.382088 -0.435433 -0.411106 0.716727 -0.270673 
2012  4.2432 -0.439652 -0.0635705 -0.877827 -0.500157 -0.813449 -0.707019 -0.04233 -0.230647 -0.368184 -0.25351 -0.0177174 -0.197463 -0.0463401 -0.660163 1.35865 1.28825 1.08253 1.17724 1.39593 1.37707 
2013  2.6465 0.227979 -0.219107 -0.473503 -0.257709 0.350111 0.303122 0.769095 -0.522687 0.0954546 -0.0428883 -0.466783 -0.913222 -0.670825 -0.794339 0.0149371 0.37994 0.625651 0.320889 0.420243 0.0523872 
2016 1.96794 0.142298 -0.0670221 -0.73258 -0.37731 0.217036 0.245912 0.664711 0.0386568  0.8495 -0.63904 -0.070416 -0.530773 -1.33807 0.0632122 -0.5511 -0.490372 -0.129441 0.352595 0.179985 1.85815 
objective function: multinomial likelihood, with delta = 1e-006, N =
85 85 85 85 85 85 85 85 85 85 85 85 85 85 85 85 85 85 85 85 85 
93 93 93 93 93 93 93 93 93 93 93 93 93 93 93 93 93 93 93 93 93 
79 79 79 79 79 79 79 79 79 79 79 79 79 79 79 79 79 79 79 79 79 
69 69 69 69 69 69 69 69 69 69 69 69 69 69 69 69 69 69 69 69 69 

wcsiLLNage :
catch proportions-at-age for fishery wcsiLLN  with ageing error (constrained to sum to 1):
obs (last class is a plus group):
class       5       6       7       8       9      10      11      12      13      14      15      16      17      18      19      20      21      22      23 
2003  0.0001  0.0009  0.0199  0.0321  0.0401  0.0592  0.0915  0.1266  0.1053  0.0871  0.0644  0.0555  0.0633  0.0452  0.0306  0.0216  0.0102   0.008  0.1384 
2006  0.0105  0.0312  0.0667   0.104  0.1134  0.1124  0.1359  0.0919  0.0528  0.0559  0.0603  0.0568  0.0404  0.0247  0.0163  0.0044  0.0088   0.002  0.0115 
2007  0.0106   0.021  0.0519  0.0258  0.0839  0.0618  0.0705  0.0646  0.0583  0.0508  0.0385  0.1286   0.024  0.0994  0.0125  0.0075  0.0457  0.0644  0.0802 
2012  0.0001  0.0001  0.0064  0.0241  0.0395   0.058  0.0735  0.0792  0.0725  0.0775  0.0737  0.0947  0.0562  0.0703  0.0811  0.0502  0.0551  0.0303  0.0574 
2015       0       0  0.0086  0.0401  0.1038  0.1192  0.1617  0.1872   0.134  0.0885  0.0443  0.0301  0.0294  0.0206  0.0097  0.0104  0.0083  0.0002   0.004 
fits (last class is a plus group):
class       5       6       7       8       9      10      11      12      13      14      15      16      17      18      19      20      21      22      23 
2003 0.0145494 0.0213982 0.0274997 0.0363586 0.0498903 0.0700321 0.0934622 0.110052 0.111005 0.101926 0.0890505 0.0733468 0.0566149 0.0416412 0.0297118 0.0208944  0.0147 0.0104554 0.0274115 
2006 0.0167242 0.0192648 0.0265727 0.0351997 0.0462926 0.0568601 0.0682077 0.0819796 0.0965136 0.106594 0.106142 0.0933332 0.0739346 0.0547037 0.038818 0.0265412 0.0175632 0.0114282 0.0233267 
2007 0.0215647 0.0227748 0.0261356 0.0347692 0.0451173 0.0569597 0.0675035 0.0771875 0.0873142 0.096145 0.0996556 0.0941488 0.0795454 0.060843 0.0434117 0.0297451 0.0198159 0.0128751 0.0244881 
2012 0.0153183 0.0266192 0.0402827 0.0525454 0.0619309 0.0741155 0.0796141 0.080607 0.0834008 0.084484 0.0806888 0.0720021 0.0605551 0.0489003 0.0386123 0.0299462 0.0225938 0.0163887 0.0313949 
2015 0.0170401 0.0203538 0.0247176 0.0382221 0.0596229 0.0813024 0.0962247 0.102557 0.103182 0.0957885 0.0819757 0.067711 0.0551093 0.0435199 0.0329563 0.0240273 0.0170914 0.0120404 0.0265576 
resids (last class is a plus group):
class       5       6       7       8       9      10      11      12      13      14      15      16      17      18      19      20      21      22      23 
2003 -0.0144494 -0.0204982 -0.00759966 -0.00425856 -0.00979031 -0.0108321 -0.00196216 0.0165477 -0.00570473 -0.0148259 -0.0246505 -0.0178468 0.00668505 0.00355875 0.000888247 0.000705562 -0.00449998 -0.00245542 0.110988 
2006 -0.00622423 0.0119352 0.0401273 0.0688003 0.0671074 0.0555399 0.0676923 0.00992044 -0.0437136 -0.0506943 -0.0458419 -0.0365332 -0.0335346 -0.0300037 -0.022518 -0.0221412 -0.00876321 -0.00942821 -0.0118267 
2007 -0.0109647 -0.0017748 0.0257644 -0.00896924 0.0387827 0.00484028 0.00299649 -0.0125875 -0.0290142 -0.045345 -0.0611556 0.0344512 -0.0555454 0.038557 -0.0309117 -0.0222451 0.0258841 0.0515249 0.0557119 
2012 -0.0152183 -0.0265192 -0.0338827 -0.0284454 -0.0224309 -0.0161155 -0.0061141 -0.00140698 -0.0109008 -0.00698396 -0.00698876 0.0226979 -0.00435506 0.0213997 0.0424877 0.0202538 0.0325062 0.0139113 0.0260051 
2015 -0.0170401 -0.0203538 -0.0161176 0.00187788 0.0441771 0.0378976 0.0654753 0.0846434 0.0308178 -0.00728852 -0.0376757 -0.037611 -0.0257093 -0.0229199 -0.0232563 -0.0136273 -0.0087914 -0.0118404 -0.0225576 
pearson_resids (last class is a plus group):
class       5       6       7       8       9      10      11      12      13      14      15      16      17      18      19      20      21      22      23 
2003 -0.241346 -0.283305 -0.0929428 -0.0455021 -0.0899356 -0.0848908 -0.0134819 0.105751 -0.0363199 -0.0980059 -0.173097 -0.136912 0.0578528 0.0356289 0.0104628 0.00986586 -0.0747821 -0.04828 1.35949 
2006 -0.128417 0.229731 0.660114 0.98776   0.845 0.634544 0.710415 0.0956756 -0.391661 -0.434627 -0.393762 -0.332273 -0.339076 -0.349085 -0.308432 -0.364444 -0.176505 -0.234685 -0.207306 
2007 -0.199713 -0.0314755 0.427272 -0.129536 0.494358 0.0552549 0.0315991 -0.124784 -0.271929 -0.406973 -0.54017 0.312118 -0.543111 0.426755 -0.401334 -0.346444 0.491386 1.20922 0.953681 
2012 -0.391843 -0.520981 -0.544938 -0.403149 -0.29429 -0.194541 -0.0714254 -0.0163437 -0.124676 -0.0794112 -0.0811451 0.277676 -0.0577408 0.31379 0.697351 0.375783 0.691725 0.346484 0.47158 
2015 -0.348351 -0.381362 -0.274651 0.0259132 0.493615 0.366879 0.587425 0.738171 0.268038 -0.0655234 -0.363363 -0.396058 -0.298082 -0.297221 -0.344666 -0.235444 -0.179458 -0.287228 -0.371187 
objective function: multinomial likelihood, with delta = 1e-006, N =
4 4 4 4 4 4 4 4 4 4 4 4 4 4 4 4 4 4 4 
7 7 7 7 7 7 7 7 7 7 7 7 7 7 7 7 7 7 7 
7 7 7 7 7 7 7 7 7 7 7 7 7 7 7 7 7 7 7 
10 10 10 10 10 10 10 10 10 10 10 10 10 10 10 10 10 10 10 
7 7 7 7 7 7 7 7 7 7 7 7 7 7 7 7 7 7 7 

wcsiTRLage :
catch proportions-at-age for fishery wcsiTRL  with ageing error (constrained to sum to 1):
obs (last class is a plus group):
class       4       5       6       7       8       9      10      11      12      13      14      15      16      17      18      19      20      21 
1991  0.0019 0.00867 0.01289 0.01899 0.05611  0.0498 0.09025 0.08281 0.15009 0.18811 0.07258 0.05073 0.09159 0.05713 0.03708 0.01445 0.01586 0.00099 
1994 0.00774 0.01834 0.03519  0.0685 0.10194 0.10772 0.11276  0.1212 0.07918 0.08546 0.08528 0.08585 0.02536 0.01747 0.02009 0.01457 0.01032 0.00302 
1995 0.01682 0.06364 0.06187 0.10948 0.15091 0.13745 0.07993 0.08568 0.06677 0.05543 0.05655 0.04224 0.02936 0.02177 0.00748 0.00721  0.0045  0.0029 
1996 0.00175 0.02373 0.08429 0.07405 0.11041 0.14819 0.10401 0.09993 0.08899 0.10259 0.06099 0.03557 0.03219 0.00723 0.01149 0.00782 0.00677       0 
1997 0.00172 0.01238 0.04817 0.06349 0.07279 0.10586 0.11388 0.10996 0.13421 0.11345 0.07241  0.0483 0.03144 0.02062 0.02124 0.01856  0.0102 0.00131 
1998 0.00187 0.02442 0.03365 0.03736 0.10008  0.1973 0.14055 0.12717 0.12265 0.06701 0.06402 0.01898 0.01159 0.01773 0.00617 0.01715 0.01091 0.00139 
1999 0.01395 0.02963 0.03469  0.0473 0.12594 0.15679 0.15394  0.1398  0.1034 0.06041 0.04597 0.02203 0.02272 0.00636 0.01647 0.00946 0.00344  0.0077 
2000 0.00982 0.01811 0.02869  0.0487 0.15018 0.05903 0.22023 0.10302 0.09964 0.11077 0.03326 0.04125 0.01814 0.01881 0.01132 0.01375 0.00854 0.00673 
2001 0.01403 0.05539 0.05447 0.04465  0.0712 0.10739 0.12627 0.13957 0.11291 0.07687 0.08282 0.03548 0.03621 0.01367 0.00624 0.01159  0.0057 0.00555 
2002 0.01761 0.03694 0.05798 0.04007 0.11669 0.09607 0.10487 0.13252 0.12371 0.09777 0.06563 0.04098 0.02013 0.01725 0.01262 0.00741 0.00217 0.00957 
2003 0.03285 0.09148 0.06727 0.06107 0.08623 0.07676 0.09691 0.10441  0.1196 0.09167 0.05864 0.03511 0.02532  0.0165 0.01271 0.01781 0.00441 0.00125 
2004 0.03044 0.05463 0.07834  0.0743 0.09378 0.07818 0.06886 0.09857 0.12863 0.10116 0.08263 0.05063 0.02557 0.01746 0.00664 0.00703 0.00305 0.00013 
2005 0.06786 0.07488 0.05466 0.05324 0.07123   0.078 0.08967 0.08949 0.07987 0.07353 0.05728 0.07257 0.05404 0.03832 0.01783 0.01408 0.01324  0.0002 
2006 0.04941 0.11833  0.0798 0.05919 0.06561 0.06954 0.08769 0.09019 0.08653 0.06736 0.05295 0.04615 0.05109 0.04139 0.01866  0.0138 0.00231       0 
2007 0.02471 0.05575 0.05967  0.1226  0.0673 0.09709 0.06128 0.08146 0.07874     0.1 0.06518 0.04571 0.06999 0.03456 0.01691 0.00698 0.01158 0.00052 
2008 0.03857 0.11832 0.05367 0.08796 0.08936 0.06328 0.06939 0.07502 0.07631 0.09375 0.05248 0.05299 0.04412 0.02921 0.03479 0.01599 0.00246 0.00233 
2012 0.02153 0.02233 0.03019 0.05714 0.09593 0.12944 0.13836  0.1328 0.08538 0.05941 0.04983 0.04225 0.03028 0.01933 0.02948   0.022 0.02201 0.01232 
2013  0.0796 0.05844 0.03481 0.04457 0.10696 0.13966 0.13739 0.09946 0.09821 0.07314 0.04187 0.02345 0.01526 0.00953 0.01128 0.00933 0.00995  0.0071 
2014 0.03437  0.0547 0.05906 0.06302 0.06774 0.12645 0.15767 0.10468 0.10847 0.07002 0.03134  0.0481 0.01431 0.01805 0.01359 0.01567       0 0.01273 
2015 0.07272 0.10689 0.04409 0.04556 0.06184 0.09957   0.101  0.0798  0.1041 0.07821 0.05559 0.06646 0.03137 0.01527 0.01568  0.0051 0.01058 0.00617 
2016 0.03036 0.03594 0.02333  0.0305 0.06172  0.0806 0.11638 0.10706 0.13661 0.10345 0.10016 0.05286 0.03012 0.04301  0.0197 0.01236 0.00516 0.01067 
2017 0.07164 0.07809  0.0358 0.02554 0.07583 0.05022 0.09831 0.08444 0.07929 0.08674 0.10079 0.08403 0.04382 0.02961 0.03228 0.00873 0.00781 0.00701 
2018 0.03448 0.05082 0.04179  0.0524 0.07098 0.06187 0.07361  0.0958 0.12667 0.08312 0.10279 0.07914 0.03835  0.0193 0.02899 0.01372 0.00972 0.01647 
2019 0.04729 0.03462 0.03145 0.04188 0.09365 0.08723 0.12274  0.1138 0.11253 0.09054 0.06927 0.06527 0.03296 0.01637 0.01194 0.01082 0.01004  0.0076 
fits (last class is a plus group):
class       4       5       6       7       8       9      10      11      12      13      14      15      16      17      18      19      20      21 
1991 0.0351278 0.0458169 0.0554051 0.0647039 0.0711772 0.0773059 0.0858635 0.0924992 0.0891891 0.0740221 0.0544429 0.0390727 0.0304263 0.0265855 0.0247562 0.0228829 0.0202002 0.0905226 
1994 0.0500243 0.0519077 0.0719905 0.0854932 0.0910321 0.0913841 0.0876857 0.0803239 0.0717832 0.0641177 0.056257 0.0464447 0.035062 0.0244613 0.0166944 0.0121002 0.00977601 0.0534619 
1995 0.0356996 0.0671857 0.0698629 0.0874884 0.0983902 0.0987841 0.093334 0.0842094 0.0726755 0.0610432 0.0510857 0.0423369 0.0336431 0.0249495 0.0173305 0.0117827 0.0084213 0.0417774 
1996 0.0300328 0.0525238 0.0856094 0.0890328 0.100996 0.106951 0.101023 0.0894934 0.0756018 0.0612121 0.0482671 0.0379799 0.0299236 0.0230313 0.0168416 0.0116637 0.00791182 0.0319049 
1997 0.0247957 0.0433806 0.0706162 0.103701 0.106019 0.109781 0.109042 0.0969779 0.0805545 0.0637631 0.0485481 0.0361653 0.0270287 0.0204412 0.015328 0.0110783 0.00765812 0.0251203 
1998 0.0236007 0.0365158 0.0581058 0.0885528 0.118569 0.117783 0.112351 0.104323 0.0875333 0.0683547 0.0509102 0.0366977 0.0260963 0.0187489 0.0137347 0.0100806 0.00721654 0.0208255 
1999 0.0228722 0.0347287 0.0499181 0.0740072 0.104534 0.128729 0.12318 0.109008 0.0942344 0.0746336 0.0549438 0.0386908 0.0265921 0.0182014 0.0126598 0.00901758 0.00648603 0.0175643 
2000 0.0252717 0.0344543 0.0475582 0.064552 0.0887451 0.115647 0.131709 0.120663 0.0997059 0.0801266 0.0600658 0.0420353 0.0283112 0.0187923 0.0125255 0.00851413 0.00593971 0.0153825 
2001 0.0224776 0.0375257 0.0482234 0.0621677 0.0790362 0.100453 0.120666 0.127637 0.111601 0.0867251 0.0649371 0.0462495 0.0310725 0.0202326 0.0130783 0.00853009 0.005685 0.0137016 
2002 0.0247604 0.0349458 0.0517593 0.0635758 0.076284 0.0904057 0.106075 0.117617 0.116071 0.0969381 0.071608 0.0504863 0.034487 0.0225705 0.0144073 0.00916277 0.00589282 0.0129536 
2003 0.0229919 0.0374663 0.0499135 0.0677546 0.0789227 0.0880654 0.096991 0.105027 0.107749 0.0996463 0.079723 0.0566384 0.0381493 0.0252212 0.0162297 0.0102327 0.00643436 0.0128433 
2004 0.028544 0.0361099 0.0519472 0.0660697 0.082447 0.0907269 0.0943359 0.096533 0.0967424 0.0922948 0.0805343 0.0621486 0.0430565 0.0281928 0.0181994 0.0115716 0.00723795 0.013308 
2005 0.0401303 0.0438801 0.0508911 0.0670618 0.0805885 0.0927392 0.0960387 0.0931005 0.0883924 0.0821204 0.0731655 0.0606296 0.0454594 0.0310575 0.0200497 0.0127272 0.00801065 0.0139573 
2006 0.0304092 0.0568213 0.0603822 0.0661035 0.0800792 0.090627 0.0968483 0.0945364 0.0860263 0.0763155 0.0664453 0.0560492 0.0447471 0.032992 0.0224669 0.0144737 0.00911884 0.0155581 
2007 0.0413085 0.0478568 0.0746294 0.0778906 0.0797741 0.0888447 0.0940792 0.0933736 0.0854943 0.0729303 0.0604303 0.0494571 0.0397317 0.0307274 0.0223225 0.0151343 0.00972364 0.0162914 
2008 0.0383808 0.0583099 0.0662002 0.0910788 0.0926294 0.0888373 0.091226 0.0903215 0.0836763 0.0720186 0.0579525 0.045246 0.0351518 0.0271367 0.0204403 0.0146573 0.00989547 0.0168413 
2012 0.023904 0.0300436 0.0495966 0.0796826 0.107351 0.120696 0.117298 0.110311 0.0942141 0.0718803 0.0539885 0.0408136 0.0301928 0.0216146 0.01509 0.01041 0.00721978 0.0156933 
2013 0.0278028 0.0354473 0.0422018 0.0639427 0.0946579 0.118682 0.125238 0.114994 0.100146 0.0806774 0.0586159 0.0412394 0.0294142 0.0209371 0.0146193 0.0100236 0.00681428 0.0145447 
2014 0.0235899 0.0410109 0.0492034 0.0564703 0.0781481 0.106434 0.124206 0.123074 0.10656 0.0862769 0.0654056 0.0454325 0.0302775 0.0204968 0.0140681 0.00959102 0.00645892 0.0132952 
2015 0.0267276 0.0364551 0.0554032 0.063848 0.0699178 0.0885275 0.111179 0.121309 0.113435 0.093057 0.0707533 0.0507766 0.0340472 0.0218844 0.014237 0.00947438 0.00633085 0.0126368 
2016 0.0294902 0.0402982 0.051529 0.0709907 0.0782434 0.0811094 0.0938717 0.108541 0.11083 0.0979718 0.0763764 0.0549882 0.0376216 0.0245194 0.015401 0.0097257 0.00630092 0.0121908 
2017 0.0299352 0.0443896 0.0559869 0.068122 0.0855013 0.0897924 0.0877381 0.0927868 0.0987025 0.0945079 0.0793171 0.0591918 0.0408597 0.0269359 0.0171498 0.0106018 0.00654909 0.0119319 
2018 0.0305911 0.045585 0.0616305 0.073497 0.0840935 0.0965947 0.0961518 0.0881779 0.0850482 0.0830739 0.0746964 0.0598237 0.0431116 0.0288914 0.0185491 0.0115815 0.0070688 0.0118338 
2019 0.0311172 0.0461724 0.0630727 0.0796145 0.0894236 0.095668 0.101008 0.0949377 0.081711 0.0721149 0.0649117 0.0551925 0.0426496 0.0300579 0.0198103 0.0125251 0.0077193 0.0122936 
resids (last class is a plus group):
class       4       5       6       7       8       9      10      11      12      13      14      15      16      17      18      19      20      21 
1991 -0.0332278 -0.0371469 -0.0425151 -0.0457139 -0.0150672 -0.0275059 0.00438651 -0.00968921 0.0609009 0.114088 0.0181371 0.0116573 0.0611637 0.0305445 0.0123238 -0.00843288 -0.00434017 -0.0895326 
1994 -0.0422843 -0.0335677 -0.0368005 -0.0169932 0.0109079 0.0163359 0.0250743 0.0408761 0.0073968 0.0213423 0.029023 0.0394053 -0.00970201 -0.00699131 0.00339557 0.00246976 0.000543991 -0.0504419 
1995 -0.0188796 -0.00354574 -0.00799288 0.0219916 0.0525198 0.0386659 -0.013404 0.00147062 -0.00590545 -0.00561323 0.00546431 -9.69115e-005 -0.00428314 -0.00317946 -0.00985045 -0.00457271 -0.0039213 -0.0388774 
1996 -0.0282828 -0.0287938 -0.00131943 -0.0149828 0.00941421 0.0412386 0.00298703 0.0104366 0.0133882 0.0413779 0.0127229 -0.00240989 0.00226637 -0.0158013 -0.00535156 -0.00384366 -0.00114182 -0.0319049 
1997 -0.0230757 -0.0310006 -0.0224462 -0.040211 -0.0332294 -0.00392136 0.00483781 0.0129821 0.0536555 0.0496869 0.0238619 0.0121347 0.00441131 0.000178803 0.00591195 0.0074817 0.00254188 -0.0238103 
1998 -0.0217307 -0.0120958 -0.0244558 -0.0511928 -0.0184894 0.0795166 0.0281994 0.0228469 0.0351167 -0.00134472 0.0131098 -0.0177177 -0.0145063 -0.00101892 -0.00756472 0.00706943 0.00369346 -0.0194355 
1999 -0.00892222 -0.00509867 -0.0152281 -0.0267072 0.0214062 0.0280615 0.0307603 0.030792 0.0091656 -0.0142236 -0.00897377 -0.0166608 -0.00387214 -0.0118414 0.00381018 0.000442423 -0.00304603 -0.0098643 
2000 -0.0154517 -0.0163443 -0.0188682 -0.015852 0.0614349 -0.0566173 0.0885207 -0.0176431 -6.58858e-005 0.0306434 -0.0268058 -0.000785302 -0.0101712 1.76514e-005 -0.00120549 0.00523587 0.00260029 -0.00865247 
2001 -0.0084476 0.0178643 0.00624662 -0.0175177 -0.00783623 0.00693693 0.00560415 0.0119326 0.00130856 -0.00985509 0.0178829 -0.0107695 0.00513755 -0.00656255 -0.00683833 0.00305991 1.50045e-005 -0.00815156 
2002 -0.00715042 0.00199416 0.00622067 -0.0235058 0.040406 0.00566431 -0.00120462 0.0149033 0.00763878 0.000831888 -0.00597799 -0.00950626 -0.014357 -0.00532046 -0.0017873 -0.00175277 -0.00372282 -0.00338356 
2003 0.00985805 0.0540137 0.0173565 -0.00668456 0.00730731 -0.0113054 -8.10166e-005 -0.000617205 0.0118508 -0.00797632 -0.021083 -0.0215284 -0.0128293 -0.00872117 -0.00351971 0.00757732 -0.00202436 -0.0115933 
2004 0.00189599 0.0185201 0.0263928 0.00823027 0.011333 -0.0125469 -0.0254759 0.002037 0.0318876 0.00886518 0.00209568 -0.0115186 -0.0174865 -0.0107328 -0.0115594 -0.0045416 -0.00418795 -0.013178 
2005 0.0277297 0.0309999 0.00376891 -0.0138218 -0.00935855 -0.0147392 -0.00636867 -0.00361053 -0.00852239 -0.00859043 -0.0158855 0.0119404 0.00858063 0.00726245 -0.0022197 0.00135278 0.00522935 -0.0137573 
2006 0.0190008 0.0615087 0.0194178 -0.00691349 -0.0144692 -0.021087 -0.00915827 -0.00434644 0.000503651 -0.00895552 -0.0134953 -0.0098992 0.00634295 0.00839804 -0.0038069 -0.000673655 -0.00680884 -0.0155581 
2007 -0.0165985 0.00789321 -0.0149594 0.0447094 -0.0124741 0.00824529 -0.0327992 -0.0119136 -0.00675433 0.0270697 0.00474974 -0.00374713 0.0302583 0.00383256 -0.00541253 -0.00815431 0.00185636 -0.0157714 
2008 0.000189238 0.0600101 -0.0125302 -0.00311882 -0.00326935 -0.0255573 -0.021836 -0.0153015 -0.00736632 0.0217314 -0.0054725 0.00774397 0.00896824 0.00207334 0.0143497 0.00133274 -0.00743547 -0.0145113 
2012 -0.00237398 -0.00771362 -0.0194066 -0.0225426 -0.0114214 0.0087439 0.0210625 0.0224886 -0.00883411 -0.0124703 -0.00415847 0.0014364 8.72397e-005 -0.00228459 0.01439 0.01159 0.0147902 -0.00337326 
2013 0.0517972 0.0229927 -0.00739182 -0.0193727 0.0123021 0.0209777 0.0121515 -0.0155344 -0.00193627 -0.00753738 -0.0167459 -0.0177894 -0.0141542 -0.0114071 -0.0033393 -0.000693638 0.00313572 -0.00744474 
2014 0.0107801 0.0136891 0.0098566 0.00654967 -0.0104081 0.0200156 0.033464 -0.0183941 0.00190961 -0.0162569 -0.0340656 0.00266751 -0.0159675 -0.00244683 -0.000478136 0.00607898 -0.00645892 -0.000565183 
2015 0.0459924 0.0704349 -0.0113132 -0.018288 -0.00807782 0.0110425 -0.0101794 -0.041509 -0.00933492 -0.014847 -0.0151633 0.0156834 -0.00267715 -0.00661444 0.00144303 -0.00437438 0.00424915 -0.0064668 
2016 0.000869816 -0.00435818 -0.028199 -0.0404907 -0.0165234 -0.000509424 0.0225083 -0.00148114 0.0257795 0.00547821 0.0237836 -0.00212823 -0.00750161 0.0184906 0.00429899 0.0026343 -0.00114092 -0.00152076 
2017 0.0417048 0.0337004 -0.0201869 -0.042582 -0.00967132 -0.0395724 0.0105719 -0.00834684 -0.0194125 -0.00776794 0.0214729 0.0248382 0.00296026 0.00267407 0.0151302 -0.00187178 0.00126091 -0.00492192 
2018 0.00388885 0.00523497 -0.0198405 -0.021097 -0.0131135 -0.0347247 -0.0225418 0.00762214 0.0416218 4.60975e-005 0.0280936 0.0193163 -0.0047616 -0.00959137 0.0104409 0.00213848 0.0026512 0.00463619 
2019 0.0161728 -0.0115524 -0.0316227 -0.0377345 0.00422645 -0.00843805 0.021732 0.0188623 0.030819 0.0184251 0.0043583 0.0100775 -0.00968964 -0.0136879 -0.0078703 -0.00170507 0.0023207 -0.00469364 
pearson_resids (last class is a plus group):
class       4       5       6       7       8       9      10      11      12      13      14      15      16      17      18      19      20      21 
1991 -1.03681 -1.02059 -1.06759 -1.06749 -0.336631 -0.591626 0.0899427 -0.192111 1.22747 2.50331 0.459209 0.345601 2.04567 1.09073 0.455621 -0.32397 -0.177222 -1.79252 
1994 -1.21134 -0.944958 -0.889144 -0.379532 0.236812 0.354037 0.553635 0.939208 0.178953 0.544093 0.78661 1.16935 -0.329402 -0.282637 0.165507 0.14107 0.0345284 -1.40034 
1995 -0.726674 -0.101148 -0.223919 0.555837 1.25928 0.925455 -0.32906 0.0378188 -0.162453 -0.167439 0.177238 -0.00343712 -0.169641 -0.145577 -0.539054 -0.302628 -0.306452 -1.38765 
1996 -0.907625 -0.706963 -0.0258297 -0.288155 0.171124 0.73086 0.0542896 0.200254 0.277388 0.945423 0.325136 -0.0690539 0.0728587 -0.576972 -0.227792 -0.196081 -0.07059 -0.994329 
1997 -1.32728 -1.36113 -0.783679 -1.1797 -0.965407 -0.112194 0.138825 0.392377  1.7634  1.8189 0.993048 0.581336 0.243304 0.0113019 0.430414 0.639335 0.260801 -1.36089 
1998 -1.07125 -0.482575 -0.782284 -1.34845 -0.427994 1.84596 0.668228 0.559312 0.929849 -0.0398765 0.446309 -0.705181 -0.680931 -0.0562153 -0.486385 0.529585 0.326539 -1.0185 
1999 -0.446619 -0.208392 -0.523275 -0.763452 0.523577 0.627033 0.700423 0.739377 0.23477 -0.405022 -0.294701 -0.64648 -0.180103 -0.662876 0.25503 0.035023 -0.283957 -0.561944 
2000 -0.645583 -0.587615 -0.581342 -0.423013 1.41663 -1.16092 1.71648 -0.355177 -0.00144203 0.740148 -0.739777 -0.0256619 -0.402128 0.0008524 -0.0710782 0.373688 0.221905 -0.461028 
2001 -0.373705 0.616397 0.191198 -0.475736 -0.190461 0.151324 0.112817 0.234495 0.0272514 -0.229626 0.475889 -0.336248 0.194159 -0.305647 -0.3947 0.218186 0.00130867 -0.459818 
2002 -0.406391 0.0959034 0.247988 -0.850826 1.34433 0.174451 -0.0345493 0.408569 0.21062 0.0248317 -0.204765 -0.38346 -0.694872 -0.316361 -0.132466 -0.162464 -0.429577 -0.264276 
2003 0.53435 2.31072 0.647508 -0.216078 0.220181 -0.324097 -0.002224 -0.0163548 0.310507 -0.21634 -0.632344 -0.756639 -0.544101 -0.451868 -0.226296 0.611683 -0.205688 -0.836464 
2004 0.104973 0.915223 1.09647 0.305467 0.379884 -0.402746 -0.803558 0.0635927 0.994527 0.282381 0.0710029 -0.439871 -0.794237 -0.597809 -0.797266 -0.391515 -0.455492 -1.06026 
2005 1.14782 1.22954 0.139318 -0.448924 -0.279311 -0.412808 -0.175599 -0.100946 -0.243906 -0.254196 -0.495585 0.40647 0.334643 0.340112 -0.12865 0.0980422 0.476576 -0.952702 
2006 0.663935 1.59417 0.489126 -0.16695 -0.31986 -0.440724 -0.185797 -0.0891353 0.010777 -0.202383 -0.325111 -0.258221 0.184078 0.282105 -0.154129 -0.0338428 -0.429777 -0.754284 
2007 -0.382226 0.169449 -0.260861 0.764495 -0.21098 0.132802 -0.51485 -0.187641 -0.110696 0.47707 0.0913455 -0.0791968 0.709888 0.101768 -0.167896 -0.306074 0.0866918 -0.570911 
2008 0.0066078 1.71793 -0.338071 -0.072715 -0.0756487 -0.602595 -0.508735 -0.358097 -0.178456  0.5639 -0.157116 0.249939 0.326671 0.0855996 0.680285 0.0743929 -0.503913 -0.756508 
2012 -0.0932497 -0.271117 -0.536315 -0.499465 -0.221373 0.161042 0.392744 0.430709 -0.181444 -0.289681 -0.110404 0.0435583 0.00305894 -0.0942609 0.708222 0.685148 1.04818 -0.162847 
2013 2.63593 1.04036 -0.307608 -0.66251 0.351597 0.542685 0.307161 -0.407411 -0.053965 -0.231558 -0.596441 -0.748513 -0.700873 -0.666595 -0.232776 -0.0582582 0.318905 -0.520268 
2014 0.362186 0.351969 0.232366 0.144683 -0.197728 0.330942 0.51736 -0.285496 0.0315573 -0.295237 -0.70256 0.065314 -0.47516 -0.0880531 -0.0207012 0.318037 -0.411125 -0.0251614 
2015 2.86583 3.77688 -0.497001 -0.751762 -0.318347 0.390675 -0.325433 -1.27773 -0.29583 -0.51361 -0.594313 0.717933 -0.148359 -0.454351 0.122416 -0.453805 0.538407 -0.581826 
2016 0.0442287 -0.190638 -1.09726 -1.35631 -0.529277 -0.0160519 0.66389 -0.0409604 0.70643 0.158523 0.770312 -0.0803121 -0.33914 1.02849 0.300316 0.23091 -0.124034 -0.119213 
2017  2.0476   1.369 -0.734659 -1.41401 -0.289372 -1.15811 0.312643 -0.240698 -0.544544 -0.222166 0.664815 0.880618 0.125109 0.138193 0.975036 -0.152908 0.130789 -0.379258 
2018 0.182065 0.202344 -0.665158 -0.651806 -0.38095 -0.947714 -0.61648 0.21672 1.20294 0.00134659 0.861535 0.656658 -0.189009 -0.461657 0.623874 0.161142 0.255133 0.345654 
2019 0.773702 -0.457269 -1.08056 -1.15793 0.123031 -0.238297 0.599057 0.534515 0.934573 0.591665 0.146945 0.366577 -0.398326 -0.665899 -0.469154 -0.127354 0.220261 -0.353818 
objective function: multinomial likelihood, with delta = 1e-006, N =
33 33 33 33 33 33 33 33 33 33 33 33 33 33 33 33 33 33 
39 39 39 39 39 39 39 39 39 39 39 39 39 39 39 39 39 39 
51 51 51 51 51 51 51 51 51 51 51 51 51 51 51 51 51 51 
30 30 30 30 30 30 30 30 30 30 30 30 30 30 30 30 30 30 
80 80 80 80 80 80 80 80 80 80 80 80 80 80 80 80 80 80 
56 56 56 56 56 56 56 56 56 56 56 56 56 56 56 56 56 56 
56 56 56 56 56 56 56 56 56 56 56 56 56 56 56 56 56 56 
43 43 43 43 43 43 43 43 43 43 43 43 43 43 43 43 43 43 
43 43 43 43 43 43 43 43 43 43 43 43 43 43 43 43 43 43 
78 78 78 78 78 78 78 78 78 78 78 78 78 78 78 78 78 78 
66 66 66 66 66 66 66 66 66 66 66 66 66 66 66 66 66 66 
85 85 85 85 85 85 85 85 85 85 85 85 85 85 85 85 85 85 
66 66 66 66 66 66 66 66 66 66 66 66 66 66 66 66 66 66 
36 36 36 36 36 36 36 36 36 36 36 36 36 36 36 36 36 36 
21 21 21 21 21 21 21 21 21 21 21 21 21 21 21 21 21 21 
45 45 45 45 45 45 45 45 45 45 45 45 45 45 45 45 45 45 
36 36 36 36 36 36 36 36 36 36 36 36 36 36 36 36 36 36 
70 70 70 70 70 70 70 70 70 70 70 70 70 70 70 70 70 70 
26 26 26 26 26 26 26 26 26 26 26 26 26 26 26 26 26 26 
101 101 101 101 101 101 101 101 101 101 101 101 101 101 101 101 101 101 
74 74 74 74 74 74 74 74 74 74 74 74 74 74 74 74 74 74 
70 70 70 70 70 70 70 70 70 70 70 70 70 70 70 70 70 70 
65 65 65 65 65 65 65 65 65 65 65 65 65 65 65 65 65 65 
69 69 69 69 69 69 69 69 69 69 69 69 69 69 69 69 69 69 

Output quantities start here

* Scalar parameter values
q[wcsiTAN].q 0.207293
q[wcsiTRLcpue].q 1.00001e-008
initialization.B0 55943.2

* Vector parameter values
recruitment.YCS 1 1 1 1 1 1 0.426711 0.458064 0.487752 0.52246 0.480005 0.545723 0.463852 0.399131 0.381397 0.427149 0.479415 0.517399 0.594082 0.677428 0.741573 0.633217 1.10738 0.644539 0.642681 0.519447 0.534373 0.513589 0.584296 0.464933 0.540047 0.445597 0.596321 0.833752 0.517529 0.883404 0.728056 0.653195 0.470604 0.397465 0.544064 0.606036 0.451683 0.567708 0.591743 1 1 1 1 

* Ogive parameter values
selectivity[wcsiTANsel].mature 0.0224992 0.0316755 0.0438797 0.0598119 0.0802223 0.105873 0.137487 0.175679 0.220882 0.273266 0.332656 0.398463 0.469639 0.544658 0.621538 0.697902 0.77109 0.8383 0.896762 0.943927 0.97765 0.99635 0.999997 0.999946 0.999834 0.99966 
selectivity[wcsiTANsel].immature 0.0225332 0.0428131 0.0449419 0.0450598 0.045066 0.0450664 0.0450664 0.0450664 0.0450664 0.0450664 0.0450664 0.0450664 0.0450664 0.0450664 0.0450664 0.0450664 0.0450664 0.0450664 0.0450664 0.0450664 0.0450664 0.0450664 0.0450664 0.0450664 0.0450664 0.0450664 
selectivity[wcsiTRLsel].all 0.0228754 0.0419566 0.0729779 0.120377 0.188303 0.279339 0.392976 0.524277 0.663311 0.795856 0.905549 0.977126 1 0.999964 0.999866 0.999705 0.999481 0.999195 0.998846 0.998434 0.99796 0.997424 0.996825 0.996164 0.995441 0.994656 
selectivity[wcsiLLNsel].all 0.00233354 0.00379519 0.00616669 0.0100052 0.0161941 0.0261103 0.0418402 0.0664005 0.103816 0.158729 0.235069 0.333568 0.449107 0.570412 0.683812 0.778881 0.85157 0.90333 0.938347 0.961224 0.975831 0.985021 0.99075 0.9943 0.996493 0.997844 
maturation[1].rates_all 0 0.01 0.056 0.23 0.48 0.67 0.83 0.93 0.97 1 1 1 1 1 1 1 1 1 1 1 1 1 1 1 1 1 

* Ogive arguments
maturation[1].rates_all 0 0.01 0.056 0.23 0.48 0.67 0.83 0.93 0.97 1 
selectivity[wcsiTANsel].immature 3 1 0.0450664 
selectivity[wcsiTANsel].mature 24.6728 9.26323 150.327 
selectivity[wcsiTRLsel].all 14.934 5.11194 148.613 
selectivity[wcsiLLNsel].all 15.4188 6.036 

* B0
55943.2

* R0
3.59263e+006

* SSBs
SSB 55943.2 55747.3 55491.6 54818.4 53776.7 52327.6 52333.3 51781.1 50840 49276.9 46642.3 43033.1 39632 37386.1 35683.9 34598.6 33237.6 31339.7 29455 27888.2 26801.5 26414 26612.3 27054.9 27470.6 28333.4 29550.6 30096.8 29931.7 29047.1 28029.6 27104 26294.8 25626.5 25242.3 24730.1 24996 25940.8 26843.4 27691.1 28278.7 28291.2 27642.4 26839.5 26027.4 25240.7 24350.5 23862.5 23673.2 
year 1972 1973 1974 1975 1976 1977 1978 1979 1980 1981 1982 1983 1984 1985 1986 1987 1988 1989 1990 1991 1992 1993 1994 1995 1996 1997 1998 1999 2000 2001 2002 2003 2004 2005 2006 2007 2008 2009 2010 2011 2012 2013 2014 2015 2016 2017 2018 2019 2020 

* recruitments
recruitment 3.59263e+006 3.59263e+006 3.59263e+006 3.59263e+006 3.59263e+006 3.59203e+006 1.53242e+006 1.64405e+006 1.74896e+006 1.87085e+006 2.9813e+006 3.38764e+006 2.87669e+006 2.47122e+006 2.35428e+006 2.62424e+006 2.92999e+006 3.14967e+006 3.6045e+006 4.10084e+006 4.47544e+006 3.80362e+006 6.61712e+006 3.83276e+006 3.80764e+006 3.07327e+006 3.16383e+006 3.04552e+006 3.46972e+006 2.7687e+006 3.22795e+006 2.6676e+006 3.56824e+006 4.97602e+006 3.07891e+006 5.23937e+006 4.30562e+006 3.85324e+006 2.77197e+006 2.33634e+006 3.20152e+006 3.57931e+006 2.67645e+006 3.3737e+006 3.52325e+006 3.43285e+006 3.42562e+006 3.41623e+006 3.40619e+006 
year 1972 1973 1974 1975 1976 1977 1978 1979 1980 1981 1982 1983 1984 1985 1986 1987 1988 1989 1990 1991 1992 1993 1994 1995 1996 1997 1998 1999 2000 2001 2002 2003 2004 2005 2006 2007 2008 2009 2010 2011 2012 2013 2014 2015 2016 2017 2018 2019 2020 

* YCS
YCS 1 1 1 1 1 1 0.426711 0.458064 0.487752 0.52246 0.832564 0.946553 0.804548 0.69229 0.661531 0.740886 0.831541 0.897426 1.03043 1.17499 1.28625 1.09831 1.92074 1.11795 1.11473 0.900978 0.926866 0.890817 1.01346 0.806422 0.936707 0.772885 1.03431 1.44614 0.89765 1.53226 1.26281 1.13296 0.81626 0.6894 0.943676 1.05116 0.783441 0.984685 1.02637 1 1 1 1 
year 1968 1969 1970 1971 1972 1973 1974 1975 1976 1977 1978 1979 1980 1981 1982 1983 1984 1985 1986 1987 1988 1989 1990 1991 1992 1993 1994 1995 1996 1997 1998 1999 2000 2001 2002 2003 2004 2005 2006 2007 2008 2009 2010 2011 2012 2013 2014 2015 2016 

* true_YCS
true_YCS 1 1 1 1 1 0.999833 0.426546 0.457616 0.486818 0.520747 0.829839 0.942944 0.800721 0.687859 0.655308 0.730451 0.815558 0.876703 1.00331 1.14146 1.24573 1.05873 1.84186 1.06684 1.05985 0.855438 0.880646 0.847714 0.965789 0.770661 0.898494 0.74252 0.993212 1.38507 0.857009 1.45837 1.19846 1.07254 0.771573 0.650314 0.891137 0.996294 0.744983 0.939062 0.980689 0.955527 0.953513 0.950899 0.948107 
year 1968 1969 1970 1971 1972 1973 1974 1975 1976 1977 1978 1979 1980 1981 1982 1983 1984 1985 1986 1987 1988 1989 1990 1991 1992 1993 1994 1995 1996 1997 1998 1999 2000 2001 2002 2003 2004 2005 2006 2007 2008 2009 2010 2011 2012 2013 2014 2015 2016 

* actual_catches
wcsiTRL 0 284 192 265 259 253 175 772 912 1059 1400 1646 1463 1360 1453 1305 2303 2394 2419 2353 1668 1709 1213 1927 2012 1985 2141 2510 2605 2675 2644 2313 2348 1780 2114 1601 1175 1312 1636 2096 2098 2205 1658 1823 1823 2056 2092 1835 1835 
wcsiLLN 0 66 53 529 963 1523 188 515 515 646 829 1123 942 355 486 437 469 452 437 396 676 760 918 1136 1227 1222 1158 1250 1070 1134 951 943 949 995 803 1143 1289 1216 1292 1223 1174 1203 1390 1351 1351 1371 1395 1223 1223 
year 1972 1973 1974 1975 1976 1977 1978 1979 1980 1981 1982 1983 1984 1985 1986 1987 1988 1989 1990 1991 1992 1993 1994 1995 1996 1997 1998 1999 2000 2001 2002 2003 2004 2005 2006 2007 2008 2009 2010 2011 2012 2013 2014 2015 2016 2017 2018 2019 2020 

* fishing_pressures
wcsiTRL 0 0.0058844 0.00400139 0.00559534 0.00558911 0.00563289 0.00390347 0.01736 0.0209421 0.025038 0.0344494 0.0429748 0.0408255 0.0399715 0.0451708 0.0429326 0.0795328 0.0886157 0.0953931 0.0980443 0.0735628 0.0774517 0.0561396 0.0888826 0.0935264 0.0917186 0.0968205 0.111524 0.114441 0.117831 0.117595 0.10522 0.10927 0.0856714 0.102401 0.0799527 0.0592636 0.064866 0.079256 0.0996207 0.098745 0.102893 0.0780675 0.0855304 0.0866622 0.100035 0.105942 0.0962444 0.0982681 
wcsiLLN 0 0.00248217 0.00200827 0.0201472 0.0374005 0.0609996 0.00788245 0.0216256 0.0221463 0.0285205 0.0378539 0.0538238 0.0482778 0.0192989 0.0274197 0.0259312 0.0292536 0.0309411 0.0332107 0.0336107 0.0637802 0.0783979 0.103103 0.135423 0.160214 0.173746 0.175342 0.19703 0.175403 0.187476 0.157891 0.15433 0.151576 0.157043 0.124168 0.175669 0.199993 0.190102 0.203392 0.196966 0.194669 0.202568 0.236932 0.228926 0.226586 0.227399 0.233234 0.20978 0.212746 
year 1972 1973 1974 1975 1976 1977 1978 1979 1980 1981 1982 1983 1984 1985 1986 1987 1988 1989 1990 1991 1992 1993 1994 1995 1996 1997 1998 1999 2000 2001 2002 2003 2004 2005 2006 2007 2008 2009 2010 2011 2012 2013 2014 2015 2016 2017 2018 2019 2020 

* wcsiTANbio.fits
2000  1914.48 
2012  1823.06 
2013  1821.43 
2016  1798.69 
2018  1715.41 

* Tangaroa_propn_at_age_Aug.fits
2000  0.00715885 0.0611614 0.0515619 0.0464864 0.0512796 0.069766 0.094296 0.109673 0.102155 0.0871119 0.073779 0.059633 0.0460197 0.0346941 0.0259056 0.0193642 0.0146249 0.0111618 0.00849152 0.00633304 0.0193435 
2012  0.00697672 0.0583898 0.0444587 0.0467077 0.0625599 0.084112 0.0978862 0.0975021 0.0934617 0.0822919 0.0666569 0.0548182 0.0460936 0.0381201 0.030465 0.0236095 0.0179594 0.013599 0.0102842 0.00767091 0.0163766 
2013  0.00776467 0.0664132 0.0538651 0.0410725 0.0498077 0.0735196 0.0954778 0.103088 0.0964611 0.0865799 0.0733581 0.0578618 0.0455154 0.0365659 0.0291293 0.0225505 0.0169777 0.0125607 0.0092448 0.00681121 0.0153748 
2016  0.00795449 0.0686679 0.0593058 0.0486785 0.0541827 0.0591369 0.0639565 0.0763497 0.0902664 0.0952748 0.0887814 0.0747291 0.0592905 0.04499 0.0325496 0.0228037 0.0160094 0.0113507 0.00801507 0.00558521 0.0121215 

* wcsiLLNage.fits
2003  0.0145494 0.0213982 0.0274997 0.0363586 0.0498903 0.0700321 0.0934622 0.110052 0.111005 0.101926 0.0890505 0.0733468 0.0566149 0.0416412 0.0297118 0.0208944 0.0147 0.0104554 0.0274115 
2006  0.0167242 0.0192648 0.0265727 0.0351997 0.0462926 0.0568601 0.0682077 0.0819796 0.0965136 0.106594 0.106142 0.0933332 0.0739346 0.0547037 0.038818 0.0265412 0.0175632 0.0114282 0.0233267 
2007  0.0215647 0.0227748 0.0261356 0.0347692 0.0451173 0.0569597 0.0675035 0.0771875 0.0873142 0.096145 0.0996556 0.0941488 0.0795454 0.060843 0.0434117 0.0297451 0.0198159 0.0128751 0.0244881 
2012  0.0153183 0.0266192 0.0402827 0.0525454 0.0619309 0.0741155 0.0796141 0.080607 0.0834008 0.084484 0.0806888 0.0720021 0.0605551 0.0489003 0.0386123 0.0299462 0.0225938 0.0163887 0.0313949 
2015  0.0170401 0.0203538 0.0247176 0.0382221 0.0596229 0.0813024 0.0962247 0.102557 0.103182 0.0957885 0.0819757 0.067711 0.0551093 0.0435199 0.0329563 0.0240273 0.0170914 0.0120404 0.0265576 

* wcsiTRLage.fits
1991  0.0351278 0.0458169 0.0554051 0.0647039 0.0711772 0.0773059 0.0858635 0.0924992 0.0891891 0.0740221 0.0544429 0.0390727 0.0304263 0.0265855 0.0247562 0.0228829 0.0202002 0.0905226 
1994  0.0500243 0.0519077 0.0719905 0.0854932 0.0910321 0.0913841 0.0876857 0.0803239 0.0717832 0.0641177 0.056257 0.0464447 0.035062 0.0244613 0.0166944 0.0121002 0.00977601 0.0534619 
1995  0.0356996 0.0671857 0.0698629 0.0874884 0.0983902 0.0987841 0.093334 0.0842094 0.0726755 0.0610432 0.0510857 0.0423369 0.0336431 0.0249495 0.0173305 0.0117827 0.0084213 0.0417774 
1996  0.0300328 0.0525238 0.0856094 0.0890328 0.100996 0.106951 0.101023 0.0894934 0.0756018 0.0612121 0.0482671 0.0379799 0.0299236 0.0230313 0.0168416 0.0116637 0.00791182 0.0319049 
1997  0.0247957 0.0433806 0.0706162 0.103701 0.106019 0.109781 0.109042 0.0969779 0.0805545 0.0637631 0.0485481 0.0361653 0.0270287 0.0204412 0.015328 0.0110783 0.00765812 0.0251203 
1998  0.0236007 0.0365158 0.0581058 0.0885528 0.118569 0.117783 0.112351 0.104323 0.0875333 0.0683547 0.0509102 0.0366977 0.0260963 0.0187489 0.0137347 0.0100806 0.00721654 0.0208255 
1999  0.0228722 0.0347287 0.0499181 0.0740072 0.104534 0.128729 0.12318 0.109008 0.0942344 0.0746336 0.0549438 0.0386908 0.0265921 0.0182014 0.0126598 0.00901758 0.00648603 0.0175643 
2000  0.0252717 0.0344543 0.0475582 0.064552 0.0887451 0.115647 0.131709 0.120663 0.0997059 0.0801266 0.0600658 0.0420353 0.0283112 0.0187923 0.0125255 0.00851413 0.00593971 0.0153825 
2001  0.0224776 0.0375257 0.0482234 0.0621677 0.0790362 0.100453 0.120666 0.127637 0.111601 0.0867251 0.0649371 0.0462495 0.0310725 0.0202326 0.0130783 0.00853009 0.005685 0.0137016 
2002  0.0247604 0.0349458 0.0517593 0.0635758 0.076284 0.0904057 0.106075 0.117617 0.116071 0.0969381 0.071608 0.0504863 0.034487 0.0225705 0.0144073 0.00916277 0.00589282 0.0129536 
2003  0.0229919 0.0374663 0.0499135 0.0677546 0.0789227 0.0880654 0.096991 0.105027 0.107749 0.0996463 0.079723 0.0566384 0.0381493 0.0252212 0.0162297 0.0102327 0.00643436 0.0128433 
2004  0.028544 0.0361099 0.0519472 0.0660697 0.082447 0.0907269 0.0943359 0.096533 0.0967424 0.0922948 0.0805343 0.0621486 0.0430565 0.0281928 0.0181994 0.0115716 0.00723795 0.013308 
2005  0.0401303 0.0438801 0.0508911 0.0670618 0.0805885 0.0927392 0.0960387 0.0931005 0.0883924 0.0821204 0.0731655 0.0606296 0.0454594 0.0310575 0.0200497 0.0127272 0.00801065 0.0139573 
2006  0.0304092 0.0568213 0.0603822 0.0661035 0.0800792 0.090627 0.0968483 0.0945364 0.0860263 0.0763155 0.0664453 0.0560492 0.0447471 0.032992 0.0224669 0.0144737 0.00911884 0.0155581 
2007  0.0413085 0.0478568 0.0746294 0.0778906 0.0797741 0.0888447 0.0940792 0.0933736 0.0854943 0.0729303 0.0604303 0.0494571 0.0397317 0.0307274 0.0223225 0.0151343 0.00972364 0.0162914 
2008  0.0383808 0.0583099 0.0662002 0.0910788 0.0926294 0.0888373 0.091226 0.0903215 0.0836763 0.0720186 0.0579525 0.045246 0.0351518 0.0271367 0.0204403 0.0146573 0.00989547 0.0168413 
2012  0.023904 0.0300436 0.0495966 0.0796826 0.107351 0.120696 0.117298 0.110311 0.0942141 0.0718803 0.0539885 0.0408136 0.0301928 0.0216146 0.01509 0.01041 0.00721978 0.0156933 
2013  0.0278028 0.0354473 0.0422018 0.0639427 0.0946579 0.118682 0.125238 0.114994 0.100146 0.0806774 0.0586159 0.0412394 0.0294142 0.0209371 0.0146193 0.0100236 0.00681428 0.0145447 
2014  0.0235899 0.0410109 0.0492034 0.0564703 0.0781481 0.106434 0.124206 0.123074 0.10656 0.0862769 0.0654056 0.0454325 0.0302775 0.0204968 0.0140681 0.00959102 0.00645892 0.0132952 
2015  0.0267276 0.0364551 0.0554032 0.063848 0.0699178 0.0885275 0.111179 0.121309 0.113435 0.093057 0.0707533 0.0507766 0.0340472 0.0218844 0.014237 0.00947438 0.00633085 0.0126368 
2016  0.0294902 0.0402982 0.051529 0.0709907 0.0782434 0.0811094 0.0938717 0.108541 0.11083 0.0979718 0.0763764 0.0549882 0.0376216 0.0245194 0.015401 0.0097257 0.00630092 0.0121908 
2017  0.0299352 0.0443896 0.0559869 0.068122 0.0855013 0.0897924 0.0877381 0.0927868 0.0987025 0.0945079 0.0793171 0.0591918 0.0408597 0.0269359 0.0171498 0.0106018 0.00654909 0.0119319 
2018  0.0305911 0.045585 0.0616305 0.073497 0.0840935 0.0965947 0.0961518 0.0881779 0.0850482 0.0830739 0.0746964 0.0598237 0.0431116 0.0288914 0.0185491 0.0115815 0.0070688 0.0118338 
2019  0.0311172 0.0461724 0.0630727 0.0796145 0.0894236 0.095668 0.101008 0.0949377 0.081711 0.0721149 0.0649117 0.0551925 0.0426496 0.0300579 0.0198103 0.0125251 0.0077193 0.0122936 

* wcsiTANbio.pearson_resids
2000  -0.105627 
2012  0.762688 
2013  0.360753 
2016  -0.384118 
2018  -0.0718356 

* Tangaroa_propn_at_age_Aug.pearson_resids
2000  1.51363 -0.687214 -0.165174 -0.481104 -0.818412 1.18465 -1.05673 2.66798 -0.236067 -0.252128 1.02705 -1.21989 -0.308876 -0.770499 -0.0699714 -0.526152 0.382088 -0.435433 -0.411106 0.716727 -0.270673 
2012  4.2432 -0.439652 -0.0635705 -0.877827 -0.500157 -0.813449 -0.707019 -0.04233 -0.230647 -0.368184 -0.25351 -0.0177174 -0.197463 -0.0463401 -0.660163 1.35865 1.28825 1.08253 1.17724 1.39593 1.37707 
2013  2.6465 0.227979 -0.219107 -0.473503 -0.257709 0.350111 0.303122 0.769095 -0.522687 0.0954546 -0.0428883 -0.466783 -0.913222 -0.670825 -0.794339 0.0149371 0.37994 0.625651 0.320889 0.420243 0.0523872 
2016  1.96794 0.142298 -0.0670221 -0.73258 -0.37731 0.217036 0.245912 0.664711 0.0386568 0.8495 -0.63904 -0.070416 -0.530773 -1.33807 0.0632122 -0.5511 -0.490372 -0.129441 0.352595 0.179985 1.85815 

* wcsiLLNage.pearson_resids
2003  -0.241346 -0.283305 -0.0929428 -0.0455021 -0.0899356 -0.0848908 -0.0134819 0.105751 -0.0363199 -0.0980059 -0.173097 -0.136912 0.0578528 0.0356289 0.0104628 0.00986586 -0.0747821 -0.04828 1.35949 
2006  -0.128417 0.229731 0.660114 0.98776 0.845 0.634544 0.710415 0.0956756 -0.391661 -0.434627 -0.393762 -0.332273 -0.339076 -0.349085 -0.308432 -0.364444 -0.176505 -0.234685 -0.207306 
2007  -0.199713 -0.0314755 0.427272 -0.129536 0.494358 0.0552549 0.0315991 -0.124784 -0.271929 -0.406973 -0.54017 0.312118 -0.543111 0.426755 -0.401334 -0.346444 0.491386 1.20922 0.953681 
2012  -0.391843 -0.520981 -0.544938 -0.403149 -0.29429 -0.194541 -0.0714254 -0.0163437 -0.124676 -0.0794112 -0.0811451 0.277676 -0.0577408 0.31379 0.697351 0.375783 0.691725 0.346484 0.47158 
2015  -0.348351 -0.381362 -0.274651 0.0259132 0.493615 0.366879 0.587425 0.738171 0.268038 -0.0655234 -0.363363 -0.396058 -0.298082 -0.297221 -0.344666 -0.235444 -0.179458 -0.287228 -0.371187 

* wcsiTRLage.pearson_resids
1991  -1.03681 -1.02059 -1.06759 -1.06749 -0.336631 -0.591626 0.0899427 -0.192111 1.22747 2.50331 0.459209 0.345601 2.04567 1.09073 0.455621 -0.32397 -0.177222 -1.79252 
1994  -1.21134 -0.944958 -0.889144 -0.379532 0.236812 0.354037 0.553635 0.939208 0.178953 0.544093 0.78661 1.16935 -0.329402 -0.282637 0.165507 0.14107 0.0345284 -1.40034 
1995  -0.726674 -0.101148 -0.223919 0.555837 1.25928 0.925455 -0.32906 0.0378188 -0.162453 -0.167439 0.177238 -0.00343712 -0.169641 -0.145577 -0.539054 -0.302628 -0.306452 -1.38765 
1996  -0.907625 -0.706963 -0.0258297 -0.288155 0.171124 0.73086 0.0542896 0.200254 0.277388 0.945423 0.325136 -0.0690539 0.0728587 -0.576972 -0.227792 -0.196081 -0.07059 -0.994329 
1997  -1.32728 -1.36113 -0.783679 -1.1797 -0.965407 -0.112194 0.138825 0.392377 1.7634 1.8189 0.993048 0.581336 0.243304 0.0113019 0.430414 0.639335 0.260801 -1.36089 
1998  -1.07125 -0.482575 -0.782284 -1.34845 -0.427994 1.84596 0.668228 0.559312 0.929849 -0.0398765 0.446309 -0.705181 -0.680931 -0.0562153 -0.486385 0.529585 0.326539 -1.0185 
1999  -0.446619 -0.208392 -0.523275 -0.763452 0.523577 0.627033 0.700423 0.739377 0.23477 -0.405022 -0.294701 -0.64648 -0.180103 -0.662876 0.25503 0.035023 -0.283957 -0.561944 
2000  -0.645583 -0.587615 -0.581342 -0.423013 1.41663 -1.16092 1.71648 -0.355177 -0.00144203 0.740148 -0.739777 -0.0256619 -0.402128 0.0008524 -0.0710782 0.373688 0.221905 -0.461028 
2001  -0.373705 0.616397 0.191198 -0.475736 -0.190461 0.151324 0.112817 0.234495 0.0272514 -0.229626 0.475889 -0.336248 0.194159 -0.305647 -0.3947 0.218186 0.00130867 -0.459818 
2002  -0.406391 0.0959034 0.247988 -0.850826 1.34433 0.174451 -0.0345493 0.408569 0.21062 0.0248317 -0.204765 -0.38346 -0.694872 -0.316361 -0.132466 -0.162464 -0.429577 -0.264276 
2003  0.53435 2.31072 0.647508 -0.216078 0.220181 -0.324097 -0.002224 -0.0163548 0.310507 -0.21634 -0.632344 -0.756639 -0.544101 -0.451868 -0.226296 0.611683 -0.205688 -0.836464 
2004  0.104973 0.915223 1.09647 0.305467 0.379884 -0.402746 -0.803558 0.0635927 0.994527 0.282381 0.0710029 -0.439871 -0.794237 -0.597809 -0.797266 -0.391515 -0.455492 -1.06026 
2005  1.14782 1.22954 0.139318 -0.448924 -0.279311 -0.412808 -0.175599 -0.100946 -0.243906 -0.254196 -0.495585 0.40647 0.334643 0.340112 -0.12865 0.0980422 0.476576 -0.952702 
2006  0.663935 1.59417 0.489126 -0.16695 -0.31986 -0.440724 -0.185797 -0.0891353 0.010777 -0.202383 -0.325111 -0.258221 0.184078 0.282105 -0.154129 -0.0338428 -0.429777 -0.754284 
2007  -0.382226 0.169449 -0.260861 0.764495 -0.21098 0.132802 -0.51485 -0.187641 -0.110696 0.47707 0.0913455 -0.0791968 0.709888 0.101768 -0.167896 -0.306074 0.0866918 -0.570911 
2008  0.0066078 1.71793 -0.338071 -0.072715 -0.0756487 -0.602595 -0.508735 -0.358097 -0.178456 0.5639 -0.157116 0.249939 0.326671 0.0855996 0.680285 0.0743929 -0.503913 -0.756508 
2012  -0.0932497 -0.271117 -0.536315 -0.499465 -0.221373 0.161042 0.392744 0.430709 -0.181444 -0.289681 -0.110404 0.0435583 0.00305894 -0.0942609 0.708222 0.685148 1.04818 -0.162847 
2013  2.63593 1.04036 -0.307608 -0.66251 0.351597 0.542685 0.307161 -0.407411 -0.053965 -0.231558 -0.596441 -0.748513 -0.700873 -0.666595 -0.232776 -0.0582582 0.318905 -0.520268 
2014  0.362186 0.351969 0.232366 0.144683 -0.197728 0.330942 0.51736 -0.285496 0.0315573 -0.295237 -0.70256 0.065314 -0.47516 -0.0880531 -0.0207012 0.318037 -0.411125 -0.0251614 
2015  2.86583 3.77688 -0.497001 -0.751762 -0.318347 0.390675 -0.325433 -1.27773 -0.29583 -0.51361 -0.594313 0.717933 -0.148359 -0.454351 0.122416 -0.453805 0.538407 -0.581826 
2016  0.0442287 -0.190638 -1.09726 -1.35631 -0.529277 -0.0160519 0.66389 -0.0409604 0.70643 0.158523 0.770312 -0.0803121 -0.33914 1.02849 0.300316 0.23091 -0.124034 -0.119213 
2017  2.0476 1.369 -0.734659 -1.41401 -0.289372 -1.15811 0.312643 -0.240698 -0.544544 -0.222166 0.664815 0.880618 0.125109 0.138193 0.975036 -0.152908 0.130789 -0.379258 
2018  0.182065 0.202344 -0.665158 -0.651806 -0.38095 -0.947714 -0.61648 0.21672 1.20294 0.00134659 0.861535 0.656658 -0.189009 -0.461657 0.623874 0.161142 0.255133 0.345654 
2019  0.773702 -0.457269 -1.08056 -1.15793 0.123031 -0.238297 0.599057 0.534515 0.934573 0.591665 0.146945 0.366577 -0.398326 -0.665899 -0.469154 -0.127354 0.220261 -0.353818 

* wcsiTANbio.normalised_resids
2000  0.0210259 
2012  0.831505 
2013  0.483837 
2016  -0.291452 
2018  0.059299 

* TRL
1972  48336.3 
1973  48153.3 
1974  47912.9 
1975  47259.1 
1976  46241 
1977  44818.3 
1978  44768.6 
1979  44151.5 
1980  43169 
1981  41850.9 
1982  40044 
1983  37595 
1984  35204.9 
1985  33437 
1986  31541.7 
1987  29842.9 
1988  27989.9 
1989  26027.8 
1990  24373.3 
1991  23051.5 
1992  22013.6 
1993  21399.4 
1994  21148 
1995  20967.2 
1996  20788.2 
1997  20941.1 
1998  21360.9 
1999  21619.6 
2000  21828.1 
2001  21722.3 
2002  21494 
2003  21102.5 
2004  20586.5 
2005  20097.3 
2006  19839.5 
2007  19425.1 
2008  19395.6 
2009  19751.3 
2010  20056.4 
2011  20293.9 
2012  20499.8 
2013  20636.6 
2014  20633.1 
2015  20634.7 
2016  20346.4 

Output quantities finish here

