q[wcsiTAN].q q[wcsiTRLcpue].q initialization.B0 selectivity[wcsiTANsel].mature 3 selectivity[wcsiTANsel].immature 3 selectivity[wcsiTRLsel].all 3 selectivity[wcsiLLNsel].all 2 recruitment.YCS 49 
0.100221 1.00004e-008 40000 10.2206 0.960785 150.175 3 1 0.324073 5.13548 0.102765 158.716 15.5724 6.18043 1 1 1 1 1 1 0.616283 0.593549 0.580874 21.4136 0.186651 0.212878 0.273333 0.388887 0.5314 0.803811 0.918556 0.594221 1.01702 1.76273 0.687157 0.723535 2.1156 0.540963 0.869212 0.943845 0.607014 0.561919 0.524398 0.537039 0.516462 0.431965 1.0462 0.930952 0.446036 1.55523 1.22084 0.593335 0.375745 0.282752 0.380748 0.242585 0.24226 0.145523 0.193124 1 1 1 1 
0.338491 1e-008 47857.1 24.2345 8.47075 150.334 3 1 0.0402592 15.9024 5.43675 147.498 12.8281 4.58887 1 1 1 1 1 1 0.547347 0.610922 0.69879 1.00801 0.403 0.509168 0.494502 0.441607 0.42517 0.476856 0.534818 0.575802 0.66241 0.753385 0.833673 0.684588 1.25384 0.701876 0.71652 0.567952 0.588131 0.56969 0.631569 0.532533 0.584954 0.467553 0.618545 0.836208 0.507792 0.852907 0.691414 0.58393 0.416239 0.341269 0.455727 0.4877 0.352758 0.429879 0.401997 1 1 1 1 
0.208281 1e-008 55714.3 24.6125 9.23549 150.327 3 1 0.0453986 14.9407 5.11444 148.597 15.4141 6.04874 1 1 1 1 1 1 0.428226 0.461242 0.492526 0.528848 0.479852 0.547361 0.466163 0.398742 0.38414 0.429658 0.480797 0.517857 0.596113 0.68018 0.744021 0.633762 1.11144 0.646406 0.64376 0.520057 0.536344 0.515306 0.58327 0.467373 0.540566 0.445518 0.595831 0.832866 0.517122 0.881819 0.726174 0.649517 0.468591 0.395853 0.541234 0.601255 0.449327 0.56298 0.584957 1 1 1 1 
0.207293 1.00001e-008 55943.2 24.6728 9.26323 150.327 3 1 0.0450664 14.934 5.11194 148.613 15.4188 6.036 1 1 1 1 1 1 0.426711 0.458064 0.487752 0.52246 0.480005 0.545723 0.463852 0.399131 0.381397 0.427149 0.479415 0.517399 0.594082 0.677428 0.741573 0.633217 1.10738 0.644539 0.642681 0.519447 0.534373 0.513589 0.584296 0.464933 0.540047 0.445597 0.596321 0.833752 0.517529 0.883404 0.728056 0.653195 0.470604 0.397465 0.544064 0.606036 0.451683 0.567708 0.591743 1 1 1 1 
0.149263 1e-008 63571.4 24.721 9.61407 150.328 3 1 0.0479766 14.472 4.92883 147.643 17.0662 6.70284 1 1 1 1 1 1 0.375116 0.389889 0.404893 0.433838 0.452557 0.501775 0.42024 0.361838 0.350424 0.38586 0.434841 0.474917 0.548165 0.623628 0.679997 0.600495 1.01952 0.609788 0.598732 0.49155 0.501663 0.484107 0.561044 0.445748 0.526 0.450189 0.605135 0.875408 0.549058 0.962741 0.789081 0.734716 0.529934 0.452419 0.6281 0.710651 0.542117 0.686107 0.766123 1 1 1 1 
0.111278 1.00001e-008 71428.6 24.4351 9.79079 150.327 3 1 0.0519713 14.1699 4.80272 146.643 17.9026 7.0115 1 1 1 1 1 1 0.337873 0.35136 0.36892 0.383295 0.41497 0.458595 0.385588 0.330734 0.323333 0.358583 0.403379 0.440869 0.511817 0.586385 0.63354 0.569853 0.961841 0.57984 0.564362 0.469754 0.48173 0.465394 0.547613 0.432564 0.529629 0.453083 0.620579 0.923387 0.572205 1.03793 0.842289 0.803421 0.57638 0.497421 0.696995 0.795728 0.608105 0.781562 0.913416 1 1 1 1 
0.0839708 1e-008 79285.7 23.6237 9.69739 150.325 3 1 0.0588693 13.9137 4.70117 145.494 17.7723 7.00415 1 1 1 1 1 1 0.316812 0.329504 0.345963 0.360615 0.390408 0.429703 0.363774 0.315824 0.306044 0.341567 0.385729 0.422849 0.488128 0.562558 0.608083 0.551627 0.919724 0.564091 0.545574 0.453096 0.468467 0.457326 0.537586 0.430173 0.532779 0.457287 0.638049 0.962861 0.59218 1.09824 0.881043 0.855281 0.610238 0.527167 0.743128 0.856289 0.647191 0.843227 1.01518 1 1 1 1 
0.0630344 1e-008 87142.9 22.2639 9.32422 150.326 3 1 0.0700045 13.6528 4.6089 147.282 16.8881 6.75678 1 1 1 1 1 1 0.310298 0.322749 0.33503 0.352426 0.377834 0.419071 0.357376 0.310696 0.30113 0.334103 0.379805 0.416772 0.479561 0.552198 0.595584 0.544077 0.900332 0.553345 0.536569 0.446846 0.459185 0.4525 0.532414 0.428899 0.534057 0.462483 0.646305 0.990248 0.605613 1.13408 0.903343 0.882853 0.627229 0.540384 0.76356 0.88041 0.66093 0.866268 1.04897 1 1 1 1 
0.0487903 1e-008 95000 20.7712 8.76931 150.324 3 1 0.0829863 13.4211 4.53467 146.514 16.4267 6.72733 1 1 1 1 1 1 0.308002 0.321081 0.333852 0.351125 0.373281 0.417357 0.355962 0.309378 0.300552 0.332735 0.378468 0.414723 0.479304 0.549522 0.59043 0.542318 0.895899 0.548244 0.532708 0.448268 0.453459 0.4493 0.531507 0.42711 0.535066 0.46348 0.652546 1.00219 0.611621 1.15544 0.916828 0.893819 0.631801 0.546021 0.766516 0.884242 0.65935 0.868231 1.03956 1 1 1 1 
0.0380879 1e-008 102857 18.6292 7.66589 150.304 3 1 0.100459 13.2199 4.47881 142.606 14.9608 6.06219 1 1 1 1 1 1 0.313936 0.326582 0.339327 0.359483 0.376157 0.425521 0.363301 0.313976 0.30654 0.338349 0.383245 0.422788 0.483467 0.551361 0.59633 0.545275 0.897482 0.54974 0.537531 0.445432 0.455945 0.450141 0.528131 0.429888 0.532567 0.46181 0.648629 0.99788 0.610479 1.15122 0.920279 0.891471 0.627838 0.538363 0.756508 0.866956 0.649448 0.84007 1.00363 1 1 1 1 
0.0271495 1.00001e-008 110714 12.872 3.538 150.33 3 1 0.147307 13.0262 4.43686 141.622 14.1083 5.76113 1 1 1 1 1 1 0.326095 0.339964 0.354563 0.37426 0.390476 0.445705 0.378378 0.326821 0.31863 0.353744 0.401333 0.439783 0.497611 0.559402 0.602632 0.548342 0.903925 0.561462 0.557318 0.462079 0.464299 0.4546 0.530225 0.44351 0.537208 0.462301 0.634125 0.928917 0.574473 1.09657 0.939769 0.861641 0.607372 0.519674 0.715817 0.836221 0.624223 0.789916 0.915589 1 1 1 1 
0.0242381 1e-008 118571 12.4838 3.26766 150.379 3 1 0.155581 12.9003 4.39763 135.902 13.6608 5.54645 1 1 1 1 1 1 0.326839 0.34125 0.35603 0.378088 0.389157 0.446137 0.377546 0.32816 0.320822 0.353238 0.403465 0.443538 0.499687 0.560801 0.605456 0.548535 0.901665 0.561518 0.558362 0.462731 0.462839 0.454527 0.528277 0.443544 0.540583 0.462832 0.640068 0.931091 0.571279 1.09917 0.949009 0.85988 0.605212 0.519315 0.709786 0.831649 0.618947 0.779832 0.898447 1 1 1 1 
0.0211287 1e-008 126429 10.4337 1.79005 151.96 3 1 0.196164 14.1005 4.89024 3.9045 10.5311 3.51137 1 1 1 1 1 1 0.65113 0.729009 0.706773 0.625659 0.709752 0.669644 0.518068 0.428073 0.403205 0.435453 0.468817 0.492281 0.556709 0.618974 0.648421 0.55431 0.913969 0.570686 0.550466 0.470579 0.479447 0.470364 0.54674 0.465815 0.541138 0.451843 0.603772 0.811315 0.472838 0.796678 0.803991 0.667455 0.480175 0.413585 0.564449 0.666048 0.503327 0.622729 0.670926 1 1 1 1 
0.0200661 1e-008 134286 11.7776 2.73648 150.315 3 1 0.169564 12.7062 4.3377 128.389 13.0325 5.20151 1 1 1 1 1 1 0.32824 0.344465 0.36001 0.379345 0.386361 0.447987 0.381979 0.328073 0.320628 0.35961 0.405171 0.445911 0.50638 0.568468 0.609056 0.547425 0.903289 0.563098 0.557766 0.465776 0.464459 0.451133 0.526563 0.446411 0.540364 0.467794 0.648579 0.937807 0.567578 1.0892 0.980599 0.852745 0.60553 0.514569 0.702988 0.822976 0.611123 0.76448 0.869923 1 1 1 1 
0.0181254 1e-008 142143 10.3032 1.70681 148.987 3 1 0.201909 14.0089 4.86308 3.92166 10.4178 3.44465 1 1 1 1 1 1 0.650089 0.726841 0.707071 0.625631 0.708116 0.665851 0.515221 0.426918 0.399866 0.43343 0.465417 0.488655 0.55329 0.615932 0.644745 0.551291 0.908628 0.567987 0.545538 0.468321 0.477419 0.467882 0.544403 0.464994 0.540878 0.45289 0.60586 0.819672 0.477382 0.796761 0.810211 0.674101 0.482355 0.416211 0.567872 0.669651 0.509146 0.624566 0.678229 1 1 1 1 
0.0169323 1e-008 150000 10.2584 1.67935 150.185 3 1 0.204104 13.9715 4.85165 3.92773 10.3739 3.41834 1 1 1 1 1 1 0.649381 0.728991 0.708236 0.624098 0.708016 0.664298 0.514647 0.425929 0.399158 0.432328 0.464406 0.487731 0.551872 0.614643 0.643651 0.550472 0.906743 0.567181 0.543942 0.467538 0.476753 0.467348 0.543621 0.465098 0.540729 0.453646 0.607075 0.822498 0.480115 0.797143 0.812697 0.676251 0.484471 0.416844 0.569791 0.672381 0.509483 0.628079 0.680383 1 1 1 1 
