CASAL (C++ algorithmic stock assessment laboratory)
Call: C:\PROGRA~2\CASAL\casal.exe -e -q -O Parameters-PointEstimates.txt 
Date: Fri Apr 03 05:49:12 2020
v2.30-2016-05-01 23:58:51 UTC (rev.5470)  (c) Copyright 2002-2012, NIWA
User name: kienzlemj
Machine name: NIWA-1017300 (Microsoft Windows, PID=553972)

Random number seed : 56952

A fish of size 70 cm has a weight of 1.37743 kg in your model. This size-weight scale check assumes that the growth curve is in centimetres, and that the catch is in tonnes.

A fish of size 70 cm has a weight of 1.37743 kg in your model. This size-weight scale check assumes that the growth curve is in centimetres, and that the catch is in tonnes.

Estimation section :

Objective function: Bayes

Observations:

The observations are:
wcsiTANbio
wcsiTRLcpue
Tangaroa_propn_at_age_Aug
wcsiLLNage
wcsiTRLage
Fits follow:

wcsiTANbio :
relative abundances in time step 2 using selectivity wcsiTANsel:
year obs     
2000    1861
2012    2169
2013    2000
2016    1635
objective function: lognormal likelihood, with cv = 
0.264441 
0.248805 
0.271765 
0.236916 

wcsiTRLcpue :
relative abundances in time step 2 using selectivity wcsiTRLsel:
year obs     
1987    0.58
1988    1.01
1989    1.43
1990    1.37
1991    0.88
1992    0.95
1993     1.1
1994    0.94
1995    1.29
1996    1.71
1997    1.62
1998    1.32
1999     1.6
2000    1.22
2001    0.98
2002    1.22
2003     0.7
2004    1.21
2005    0.83
2006    0.77
2007    0.57
2008    0.57
2009    0.54
2010    0.75
2011     1.1
2012    0.88
2013    0.98
2014    0.94
2015    1.09
2016    1.32
objective function: lognormal likelihood, with cv = 
0.406079 
0.404475 
0.406079 
0.404475 
0.406079 
0.407922 
0.406079 
0.404475 
0.406079 
0.403113 
0.404475 
0.403113 
0.401995 
0.401995 
0.401995 
0.401995 
0.403113 
0.401995 
0.404475 
0.401995 
0.404475 
0.404475 
0.404475 
0.404475 
0.403113 
0.403113 
0.401123 
0.401123 
0.401123 
0.401123 

Tangaroa_propn_at_age_Aug :
proportions-at-age in time step 2 using selectivity wcsiTANsel with ageing error (constrained to sum to 1):
obs (last class is a plus group):
class       3       4       5       6       7       8       9      10      11      12      13      14      15      16      17      18      19      20      21      22      23 
2000   0.021  0.0433  0.0476  0.0355  0.0317  0.1025  0.0608  0.2001  0.0944  0.0794  0.1029  0.0283   0.039  0.0194  0.0247  0.0115  0.0196  0.0062  0.0044  0.0125  0.0153 
2012  0.0436  0.0477  0.0431  0.0275    0.05  0.0607  0.0761  0.0962  0.0865  0.0718  0.0601  0.0544  0.0418  0.0372  0.0187   0.045  0.0357  0.0266  0.0226  0.0203  0.0345 
2013  0.0339  0.0728  0.0483  0.0305  0.0435  0.0838  0.1055  0.1294  0.0791  0.0896  0.0721  0.0456  0.0241  0.0224  0.0141  0.0228  0.0225  0.0204  0.0127  0.0107  0.0161 
2016   0.029   0.073  0.0574  0.0297  0.0439  0.0653  0.0712  0.0976  0.0916  0.1253  0.0669  0.0725  0.0442  0.0116  0.0339  0.0129  0.0086  0.0097  0.0118  0.0072  0.0366 
objective function: multinomial likelihood, with delta = 1e-006, N =
85 85 85 85 85 85 85 85 85 85 85 85 85 85 85 85 85 85 85 85 85 
93 93 93 93 93 93 93 93 93 93 93 93 93 93 93 93 93 93 93 93 93 
79 79 79 79 79 79 79 79 79 79 79 79 79 79 79 79 79 79 79 79 79 
69 69 69 69 69 69 69 69 69 69 69 69 69 69 69 69 69 69 69 69 69 

wcsiLLNage :
catch proportions-at-age for fishery wcsiLLN  with ageing error (constrained to sum to 1):
obs (last class is a plus group):
class       5       6       7       8       9      10      11      12      13      14      15      16      17      18      19      20      21      22      23 
2003  0.0001  0.0009  0.0199  0.0321  0.0401  0.0592  0.0915  0.1266  0.1053  0.0871  0.0644  0.0555  0.0633  0.0452  0.0306  0.0216  0.0102   0.008  0.1384 
2006  0.0105  0.0312  0.0667   0.104  0.1134  0.1124  0.1359  0.0919  0.0528  0.0559  0.0603  0.0568  0.0404  0.0247  0.0163  0.0044  0.0088   0.002  0.0115 
2007  0.0106   0.021  0.0519  0.0258  0.0839  0.0618  0.0705  0.0646  0.0583  0.0508  0.0385  0.1286   0.024  0.0994  0.0125  0.0075  0.0457  0.0644  0.0802 
2012  0.0001  0.0001  0.0064  0.0241  0.0395   0.058  0.0735  0.0792  0.0725  0.0775  0.0737  0.0947  0.0562  0.0703  0.0811  0.0502  0.0551  0.0303  0.0574 
2015       0       0  0.0086  0.0401  0.1038  0.1192  0.1617  0.1872   0.134  0.0885  0.0443  0.0301  0.0294  0.0206  0.0097  0.0104  0.0083  0.0002   0.004 
objective function: multinomial likelihood, with delta = 1e-006, N =
4 4 4 4 4 4 4 4 4 4 4 4 4 4 4 4 4 4 4 
7 7 7 7 7 7 7 7 7 7 7 7 7 7 7 7 7 7 7 
7 7 7 7 7 7 7 7 7 7 7 7 7 7 7 7 7 7 7 
10 10 10 10 10 10 10 10 10 10 10 10 10 10 10 10 10 10 10 
7 7 7 7 7 7 7 7 7 7 7 7 7 7 7 7 7 7 7 

wcsiTRLage :
catch proportions-at-age for fishery wcsiTRL  with ageing error (constrained to sum to 1):
obs (last class is a plus group):
class       4       5       6       7       8       9      10      11      12      13      14      15      16      17      18      19      20      21 
1991  0.0018   0.008  0.0119  0.0176   0.052  0.0462  0.0837  0.0768  0.1391  0.1715  0.0676  0.0536   0.085  0.0538  0.0357  0.0127    0.01  0.0731 
1994  0.0076  0.0179  0.0344  0.0669  0.0996  0.1052  0.1101  0.1184  0.0773  0.0835  0.0833  0.0839  0.0248  0.0171  0.0196  0.0142  0.0101  0.0262 
1995  0.0165  0.0626  0.0608  0.1077  0.1484  0.1351  0.0786  0.0843  0.0657  0.0545  0.0556  0.0415  0.0289  0.0214  0.0074  0.0071  0.0044  0.0196 
1996  0.0017  0.0231  0.0821  0.0721  0.1076  0.1444  0.1013  0.0974  0.0867     0.1  0.0594  0.0347  0.0314   0.007  0.0112  0.0076  0.0066  0.0257 
1997  0.0018  0.0122  0.0474  0.0625  0.0717  0.1042  0.1121  0.1083  0.1321  0.1117  0.0713  0.0479  0.0305  0.0207  0.0204  0.0185  0.0102  0.0164 
1998  0.0019  0.0243  0.0334  0.0371  0.0994   0.196  0.1396  0.1263  0.1218   0.068  0.0622  0.0184  0.0113  0.0181  0.0061  0.0173   0.011  0.0077 
1999  0.0136  0.0289  0.0338  0.0461  0.1227  0.1527    0.15  0.1362  0.1007  0.0588  0.0448  0.0215  0.0221  0.0062   0.016  0.0092  0.0033  0.0334 
2000  0.0096  0.0177  0.0281  0.0477   0.147  0.0578  0.2156  0.1008  0.0975  0.1084  0.0326  0.0404  0.0178  0.0184  0.0111  0.0135  0.0084  0.0277 
2001  0.0137   0.054  0.0531  0.0435  0.0694  0.1047  0.1231  0.1361  0.1101  0.0749  0.0807  0.0346  0.0353  0.0133  0.0061  0.0113  0.0056  0.0306 
2002  0.0174  0.0365  0.0573  0.0396  0.1153  0.0949  0.1036   0.131  0.1223  0.0966  0.0649  0.0405  0.0199   0.017  0.0125  0.0073  0.0021  0.0212 
2003  0.0323    0.09  0.0662  0.0601  0.0849  0.0756  0.0954  0.1028  0.1177  0.0902  0.0577  0.0346  0.0249  0.0162  0.0126  0.0175  0.0043  0.0169 
2004  0.0303  0.0543  0.0779  0.0739  0.0933  0.0777  0.0685   0.098  0.1279  0.1006  0.0822  0.0503  0.0254  0.0174  0.0066   0.007   0.003  0.0055 
2005  0.0673  0.0743  0.0542  0.0528  0.0707  0.0774   0.089  0.0888  0.0793   0.073  0.0568   0.072  0.0536   0.038  0.0177   0.014  0.0131  0.0078 
2006  0.0482  0.1154  0.0778  0.0577   0.064  0.0678  0.0855  0.0879  0.0844  0.0657  0.0516   0.045  0.0498  0.0404  0.0182  0.0135  0.0022  0.0251 
2007   0.024   0.054  0.0579  0.1189  0.0652  0.0941  0.0594   0.079  0.0763   0.097  0.0632  0.0443  0.0678  0.0335  0.0164  0.0068  0.0112  0.0309 
2008  0.0383  0.1176  0.0533  0.0874  0.0888  0.0629  0.0689  0.0745  0.0758  0.0931  0.0521  0.0527  0.0438   0.029  0.0346  0.0159  0.0025  0.0087 
2012  0.0209  0.0216  0.0293  0.0554  0.0929  0.1254   0.134  0.1287  0.0827  0.0576  0.0483  0.0409  0.0293  0.0187  0.0286  0.0213  0.0213  0.0431 
2013   0.078  0.0572  0.0341  0.0437  0.1048  0.1368  0.1346  0.0974  0.0962  0.0716   0.041   0.023  0.0149  0.0093   0.011  0.0091  0.0097  0.0275 
2014  0.0336  0.0535  0.0578  0.0617  0.0663  0.1237  0.1543  0.1024  0.1061  0.0685  0.0307  0.0471   0.014  0.0177  0.0133  0.0153       0   0.034 
2015  0.0718  0.1056  0.0436   0.045  0.0611  0.0984  0.0998  0.0788  0.1028  0.0773  0.0549  0.0657   0.031  0.0151  0.0155   0.005  0.0104  0.0182 
objective function: multinomial likelihood, with delta = 1e-006, N =
17 17 17 17 17 17 17 17 17 17 17 17 17 17 17 17 17 17 
20 20 20 20 20 20 20 20 20 20 20 20 20 20 20 20 20 20 
27 27 27 27 27 27 27 27 27 27 27 27 27 27 27 27 27 27 
16 16 16 16 16 16 16 16 16 16 16 16 16 16 16 16 16 16 
39 39 39 39 39 39 39 39 39 39 39 39 39 39 39 39 39 39 
30 30 30 30 30 30 30 30 30 30 30 30 30 30 30 30 30 30 
30 30 30 30 30 30 30 30 30 30 30 30 30 30 30 30 30 30 
23 23 23 23 23 23 23 23 23 23 23 23 23 23 23 23 23 23 
23 23 23 23 23 23 23 23 23 23 23 23 23 23 23 23 23 23 
42 42 42 42 42 42 42 42 42 42 42 42 42 42 42 42 42 42 
35 35 35 35 35 35 35 35 35 35 35 35 35 35 35 35 35 35 
45 45 45 45 45 45 45 45 45 45 45 45 45 45 45 45 45 45 
35 35 35 35 35 35 35 35 35 35 35 35 35 35 35 35 35 35 
19 19 19 19 19 19 19 19 19 19 19 19 19 19 19 19 19 19 
10 10 10 10 10 10 10 10 10 10 10 10 10 10 10 10 10 10 
24 24 24 24 24 24 24 24 24 24 24 24 24 24 24 24 24 24 
33 33 33 33 33 33 33 33 33 33 33 33 33 33 33 33 33 33 
33 33 33 33 33 33 33 33 33 33 33 33 33 33 33 33 33 33 
19 19 19 19 19 19 19 19 19 19 19 19 19 19 19 19 19 19 
23 23 23 23 23 23 23 23 23 23 23 23 23 23 23 23 23 23 


Ageing_error:
  Misclassification matrix:
0.904811 0.0475884 5.83201e-006 0 0 0 0 0 0 0 0 0 0 0 0 0 0 0 0 0 0 0 0 0 0 0 
0.105622 0.788391 0.105622 0.000182198 0 0 0 0 0 0 0 0 0 0 0 0 0 0 0 0 0 0 0 0 0 0 
0.00157333 0.157297 0.682248 0.157297 0.00157333 5.83201e-006 0 0 0 0 0 0 0 0 0 0 0 0 0 0 0 0 0 0 0 0 
5.57713e-005 0.00628237 0.196083 0.595158 0.196083 0.00628237 5.57713e-005 0 0 0 0 0 0 0 0 0 0 0 0 0 0 0 0 0 0 0 
5.83201e-006 0.000298814 0.0156538 0.221513 0.525057 0.221513 0.0156538 0.000298814 5.83201e-006 0 0 0 0 0 0 0 0 0 0 0 0 0 0 0 0 0 
0 3.12269e-005 0.00107309 0.0290638 0.23566 0.468343 0.23566 0.0290638 0.00107309 3.12269e-005 0 0 0 0 0 0 0 0 0 0 0 0 0 0 0 0 
0 5.83201e-006 0.000116599 0.00283592 0.0446359 0.24145 0.421911 0.24145 0.0446359 0.00283592 0.000116599 5.83201e-006 0 0 0 0 0 0 0 0 0 0 0 0 0 0 
0 0 2.21519e-005 0.000352257 0.00596373 0.0603917 0.241575 0.38339 0.241575 0.0603917 0.00596373 0.000352257 2.21519e-005 0 0 0 0 0 0 0 0 0 0 0 0 0 
0 0 5.83201e-006 6.31851e-005 0.000868915 0.0105694 0.0748871 0.238096 0.351018 0.238096 0.0748871 0.0105694 0.000868915 6.31851e-005 5.83201e-006 0 0 0 0 0 0 0 0 0 0 0 
0 0 0 1.76561e-005 0.000164542 0.00181897 0.0164674 0.0873361 0.232449 0.323492 0.232449 0.0873361 0.0164674 0.00181897 0.000164542 1.76561e-005 0 0 0 0 0 0 0 0 0 0 
0 0 0 5.83201e-006 4.07787e-005 0.000371793 0.00333349 0.0232663 0.0974771 0.225587 0.299834 0.225587 0.0974771 0.0232663 0.00333349 0.000371793 4.07787e-005 5.83201e-006 0 0 0 0 0 0 0 0 
0 0 0 0 1.50308e-005 9.43067e-005 0.000744898 0.0054839 0.0305034 0.10538 0.218125 0.279307 0.218125 0.10538 0.0305034 0.0054839 0.000744898 9.43067e-005 1.50308e-005 0 0 0 0 0 0 0 
0 0 0 0 5.83201e-006 2.92093e-005 0.000196478 0.00134764 0.00826393 0.0377512 0.111282 0.210453 0.261341 0.210453 0.111282 0.0377512 0.00826393 0.00134764 0.000196478 2.92093e-005 5.83201e-006 0 0 0 0 0 
0 0 0 0 0 1.33291e-005 6.14503e-005 0.000373715 0.0022358 0.0115952 0.0446758 0.115484 0.202813 0.245497 0.202813 0.115484 0.0446758 0.0115952 0.0022358 0.000373715 6.14503e-005 1.33291e-005 0 0 0 0 
0 0 0 0 0 5.83201e-006 2.23847e-005 0.000119357 0.000656488 0.0034463 0.0153489 0.0510516 0.118285 0.195351 0.231426 0.195351 0.118285 0.0510516 0.0153489 0.0034463 0.000656488 0.000119357 2.23847e-005 5.83201e-006 0 0 
0 0 0 0 0 0 1.21442e-005 4.36272e-005 0.00021593 0.00107579 0.00499065 0.0193728 0.0567512 0.119959 0.188153 0.218851 0.188153 0.119959 0.0567512 0.0193728 0.00499065 0.00107579 0.00021593 4.36272e-005 1.21442e-005 0 
0 0 0 0 0 0 5.83201e-006 1.79732e-005 7.9837e-005 0.000366679 0.00165898 0.00685381 0.0235146 0.0617234 0.120737 0.181266 0.207551 0.181266 0.120737 0.0617234 0.0235146 0.00685381 0.00165898 0.000366679 7.9837e-005 2.38052e-005 
0 0 0 0 0 0 0 1.1275e-005 3.29002e-005 0.000138023 0.00058849 0.00242606 0.00899788 0.027639 0.065971 0.120814 0.17471 0.197342 0.17471 0.120814 0.065971 0.027639 0.00899788 0.00242606 0.00058849 0.000182198 
0 0 0 0 0 0 0 5.83201e-006 1.49262e-005 5.72336e-005 0.000226654 0.000898098 0.00338702 0.0113686 0.0316358 0.0695307 0.120347 0.16849 0.188076 0.16849 0.120347 0.0695307 0.0316358 0.0113686 0.00338702 0.00120274 
0 0 0 0 0 0 0 0 1.0612e-005 2.59326e-005 9.50392e-005 0.000355276 0.0013104 0.00454088 0.0139031 0.0354229 0.0724585 0.119461 0.162601 0.179631 0.162601 0.119461 0.0724585 0.0354229 0.0139031 0.00633814 
0 0 0 0 0 0 0 0 5.83201e-006 1.2714e-005 4.32006e-005 0.000151246 0.000533914 0.00183694 0.00587616 0.0165362 0.0389445 0.0748191 0.118257 0.157033 0.171902 0.157033 0.118257 0.0748191 0.0389445 0.0249962 
0 0 0 0 0 0 0 0 0 1.00903e-005 2.11366e-005 6.92336e-005 0.000231508 0.000772348 0.00248477 0.00737261 0.0192065 0.0421674 0.0766787 0.116814 0.15177 0.164803 0.15177 0.116814 0.0766787 0.0723356 
0 0 0 0 0 0 0 0 0 5.83201e-006 1.10445e-005 3.39213e-005 0.000107061 0.000341957 0.00107935 0.00325586 0.00900357 0.0218593 0.0450767 0.0781016 0.115196 0.146797 0.158262 0.146797 0.115196 0.158876 
0 0 0 0 0 0 0 0 0 0 9.66971e-006 1.76823e-005 5.26864e-005 0.000160186 0.000488886 0.00146198 0.00414705 0.0107386 0.024449 0.047671 0.0791472 0.113453 0.142096 0.152214 0.142096 0.281797 
0 0 0 0 0 0 0 0 0 0 5.83201e-006 9.74506e-006 2.74726e-005 7.93813e-005 0.000232481 0.00067837 0.00192507 0.00515051 0.0125459 0.0269395 0.0499588 0.0798691 0.111622 0.137652 0.146608 0.426696 
0 0 0 0 0 0 0 0 0 0 0 9.32368e-006 1.51024e-005 4.15043e-005 0.000116268 0.00032804 0.000915896 0.00247088 0.00625455 0.0143943 0.0293038 0.0519551 0.080315 0.109736 0.133447 0.570698 

Free parameters:

q[wcsiTAN].q
lognormal with mean 0.07, c.v. 0.7 : bounds from 0.001 to 1
current value: 0.3
lower bound: 0.001
upper bound: 1

q[wcsiTRLcpue].q
uniform-log: bounds from 1e-008 to 0.001
current value: 1e-005
lower bound: 1e-008
upper bound: 0.001

initialization.B0
uniform-log: bounds from 10000 to 500000
current value: 200000
lower bound: 10000
upper bound: 500000

selectivity[wcsiTANsel].mature (parameters)
uniform:
bounds of
0.1 0.1 0.1 
100 200 200 
current values: 8 1 150 
lower bounds: 0.1 0.1 0.1 
upper bounds: 100 200 200 

selectivity[wcsiTANsel].immature (parameters)
uniform:
bounds of
3 1 0.001 
3 1 1 
current values: 3 1 0.1 
lower bounds: 3 1 0.001 
upper bounds: 3 1 1 

selectivity[wcsiTRLsel].all (parameters)
uniform:
bounds of
0 0.1 0.1 
50 200 200 
current values: 10 3 150 
lower bounds: 0 0.1 0.1 
upper bounds: 50 200 200 

selectivity[wcsiLLNsel].all (parameters)
uniform:
bounds of
1 1 
20 200 
current values: 13.34 4.23 
lower bounds: 1 1 
upper bounds: 20 200 

recruitment.YCS
lognormal with means 1 1 1 1 1 1 1 1 1 1 1 1 1 1 1 1 1 1 1 1 1 1 1 1 1 1 1 1 1 1 1 1 1 1 1 1 1 1 1 1 1 1 1 1 1 1 1 1 1 c.v.s 0.7 0.7 0.7 0.7 0.7 0.7 0.7 0.7 0.7 0.7 0.7 0.7 0.7 0.7 0.7 0.7 0.7 0.7 0.7 0.7 0.7 0.7 0.7 0.7 0.7 0.7 0.7 0.7 0.7 0.7 0.7 0.7 0.7 0.7 0.7 0.7 0.7 0.7 0.7 0.7 0.7 0.7 0.7 0.7 0.7 0.7 0.7 0.7 0.7 :
bounds of
1 1 1 1 1 1 0.01 0.01 0.01 0.01 0.01 0.01 0.01 0.01 0.01 0.01 0.01 0.01 0.01 0.01 0.01 0.01 0.01 0.01 0.01 0.01 0.01 0.01 0.01 0.01 0.01 0.01 0.01 0.01 0.01 0.01 0.01 0.01 0.01 0.01 0.01 0.01 0.01 0.01 0.01 0.01 0.01 0.01 0.01 
1 1 1 1 1 1 100 100 100 100 100 100 100 100 100 100 100 100 100 100 100 100 100 100 100 100 100 100 100 100 100 100 100 100 100 100 100 100 100 100 100 100 100 100 100 100 100 100 100 
current values: 1 1 1 1 1 1 1 1 1 1 1.17 1.12 0.62 0.83 0.53 0.7 0.68 0.74 0.76 0.9 0.9 0.92 1.25 0.87 0.8 0.72 0.78 0.67 0.81 0.75 1.02 1.06 1.61 2.46 1.87 1.3 1 1 1 1 1 1 1 1 1 1 1 1 1 
lower bounds: 1 1 1 1 1 1 0.01 0.01 0.01 0.01 0.01 0.01 0.01 0.01 0.01 0.01 0.01 0.01 0.01 0.01 0.01 0.01 0.01 0.01 0.01 0.01 0.01 0.01 0.01 0.01 0.01 0.01 0.01 0.01 0.01 0.01 0.01 0.01 0.01 0.01 0.01 0.01 0.01 0.01 0.01 0.01 0.01 0.01 0.01 
upper bounds: 1 1 1 1 1 1 100 100 100 100 100 100 100 100 100 100 100 100 100 100 100 100 100 100 100 100 100 100 100 100 100 100 100 100 100 100 100 100 100 100 100 100 100 100 100 100 100 100 100 


Q's:
qs are treated as ordinary free parameters
wcsiTAN has current value 0.3
wcsiTRLcpue has current value 1e-005

Penalties:
clp1 :
Catch limit penalty of 10000 x the sum of squares of (log(actual catch) - log(specified catch)) for fishery wcsiTRL to disencourage breaking exploitation rate limits
clp2 :
Catch limit penalty of 10000 x the sum of squares of (log(actual catch) - log(specified catch)) for fishery wcsiLLN to disencourage breaking exploitation rate limits
YCS_average_1 :
Vector average penalty of 6 x square of (mean(recruitment.YCS) - 1) 

Components of the objective function are:
  wcsiTANbio
  wcsiTRLcpue
  Tangaroa_propn_at_age_Aug
  wcsiLLNage
  wcsiTRLage
  prior_on_q[wcsiTAN].q
  prior_on_q[wcsiTRLcpue].q
  prior_on_initialization.B0
  prior_on_selectivity[wcsiTANsel].mature
  prior_on_selectivity[wcsiTANsel].immature
  prior_on_selectivity[wcsiTRLsel].all
  prior_on_selectivity[wcsiLLNsel].all
  prior_on_recruitment.YCS
  clp1
  clp2
  YCS_average_1

Random number seed : 56952


In phase 1 Minimiser achieved convergence after 43 quasi-Newton iterations using 70 objective function evaluations

In phase 2 Minimiser achieved convergence after 22 quasi-Newton iterations using 45 objective function evaluations

The following parameters were estimated at or near a bound:
Parameter        Estimate  lower_bound  upper_bound
q[wcsiTRLcpue].q  3.50214e-005  1e-008  0.001

Start extracting output from here

Point estimate:
q[wcsiTAN].q
current value: 0.0968497
lower bound: 0.001
upper bound: 1

q[wcsiTRLcpue].q
current value: 3.50214e-005
lower bound: 1e-008
upper bound: 0.001

initialization.B0
current value: 63355.5
lower bound: 10000
upper bound: 500000

selectivity[wcsiTANsel].mature (parameters)
current values: 19.5361 7.86446 150.068 
lower bounds: 0.1 0.1 0.1 
upper bounds: 100 200 200 

selectivity[wcsiTANsel].immature (parameters)
current values: 3 1 0.0784563 
lower bounds: 3 1 0.001 
upper bounds: 3 1 1 

selectivity[wcsiTRLsel].all (parameters)
current values: 13.3507 4.4509 148.563 
lower bounds: 0 0.1 0.1 
upper bounds: 50 200 200 

selectivity[wcsiLLNsel].all (parameters)
current values: 12.0965 4.35277 
lower bounds: 1 1 
upper bounds: 20 200 

recruitment.YCS
current values: 1 1 1 1 1 1 0.495045 0.517355 0.538101 0.559724 0.549337 0.584875 0.516429 0.457085 0.433988 0.455561 0.493038 0.528582 0.592563 0.677977 0.699691 0.658868 1.05527 0.618586 0.598157 0.491935 0.489237 0.489141 0.559229 0.424247 0.477442 0.428095 0.540255 0.713337 0.546233 0.747062 0.679265 0.577769 0.399446 0.377634 0.634277 0.779731 0.507622 0.598813 0.744275 0.561325 0.561325 0.561325 0.561325 
lower bounds: 1 1 1 1 1 1 0.01 0.01 0.01 0.01 0.01 0.01 0.01 0.01 0.01 0.01 0.01 0.01 0.01 0.01 0.01 0.01 0.01 0.01 0.01 0.01 0.01 0.01 0.01 0.01 0.01 0.01 0.01 0.01 0.01 0.01 0.01 0.01 0.01 0.01 0.01 0.01 0.01 0.01 0.01 0.01 0.01 0.01 0.01 
upper bounds: 1 1 1 1 1 1 100 100 100 100 100 100 100 100 100 100 100 100 100 100 100 100 100 100 100 100 100 100 100 100 100 100 100 100 100 100 100 100 100 100 100 100 100 100 100 100 100 100 100 


In a format suitable for -i :

q[wcsiTAN].q q[wcsiTRLcpue].q initialization.B0 selectivity[wcsiTANsel].mature 3 selectivity[wcsiTANsel].immature 3 selectivity[wcsiTRLsel].all 3 selectivity[wcsiLLNsel].all 2 recruitment.YCS 49 
0.0968497 3.50214e-005 63355.5 19.5361 7.86446 150.068 3 1 0.0784563 13.3507 4.4509 148.563 12.0965 4.35277 1 1 1 1 1 1 0.495045 0.517355 0.538101 0.559724 0.549337 0.584875 0.516429 0.457085 0.433988 0.455561 0.493038 0.528582 0.592563 0.677977 0.699691 0.658868 1.05527 0.618586 0.598157 0.491935 0.489237 0.489141 0.559229 0.424247 0.477442 0.428095 0.540255 0.713337 0.546233 0.747062 0.679265 0.577769 0.399446 0.377634 0.634277 0.779731 0.507622 0.598813 0.744275 0.561325 0.561325 0.561325 0.561325 

Objective function : 499.097

Components :
                                        wcsiTANbio -4.98725
                                       wcsiTRLcpue -19.3127
                         Tangaroa_propn_at_age_Aug 136.354
                                        wcsiLLNage 47.5682
                                        wcsiTRLage 354.603
                             prior_on_q[wcsiTAN].q -1.99025
                         prior_on_q[wcsiTRLcpue].q -10.2596
                        prior_on_initialization.B0 11.0565
           prior_on_selectivity[wcsiTANsel].mature 0
         prior_on_selectivity[wcsiTANsel].immature 0
              prior_on_selectivity[wcsiTRLsel].all 0
              prior_on_selectivity[wcsiLLNsel].all 0
                          prior_on_recruitment.YCS -14.7916
                                              clp1 0
                                              clp2 0
                                     YCS_average_1 0.857065

Fits : 

The observations are:
wcsiTANbio
wcsiTRLcpue
Tangaroa_propn_at_age_Aug
wcsiLLNage
wcsiTRLage
Fits follow:

wcsiTANbio :
relative (with q = 0.0968497) abundances in time step 2 using selectivity wcsiTANsel:
year obs     fits    resids  Pearson_resids Normalised_resids 
2000    1861 2126.56 -265.555 -0.472226 -0.383073
2012    2169 1837.28 331.722 0.72567 0.799795
2013    2000 1833.05 166.953 0.335141 0.460015
2016    1635 1797.35 -162.347 -0.381258 -0.288263
objective function: lognormal likelihood, with cv = 
0.264441 
0.248805 
0.271765 
0.236916 

wcsiTRLcpue :
relative (with q = 3.50214e-005) abundances in time step 2 using selectivity wcsiTRLsel:
year obs     fits    resids  Pearson_resids Normalised_resids 
1987    0.58 1.35449 -0.774495 -1.40809 -1.9756
1988    1.01 1.30148 -0.291483 -0.55371 -0.456757
1989    1.43 1.24524 0.18476 0.365381 0.549455
1990    1.37 1.19685 0.173147 0.357671 0.541741
1991    0.88 1.15603 -0.276034 -0.588006 -0.502991
1992    0.95   1.122 -0.171999 -0.375799 -0.227981
1993     1.1 1.10302 -0.0030188 -0.00673971 0.188328
1994    0.94 1.09903 -0.159035 -0.357757 -0.20693
1995    1.29 1.09884 0.191164 0.428414 0.60588
1996    1.71 1.09868 0.611316 1.38028 1.33406
1997    1.62 1.11004 0.509956  1.1358 1.16578
1998    1.32 1.12937 0.19063 0.418724 0.595969
1999     1.6 1.13933 0.460671 1.00582 1.07086
2000    1.22  1.1426 0.077404 0.168519 0.362877
2001    0.98 1.12909 -0.149085 -0.328464 -0.172364
2002    1.22 1.10671 0.113293 0.254654 0.445334
2003     0.7 1.07606 -0.376058 -0.866947 -0.914069
2004    1.21 1.04081 0.16919 0.404374 0.582683
2005    0.83 1.01043 -0.180429 -0.441478 -0.31071
2006    0.77 0.990912 -0.220912 -0.55458 -0.458188
2007    0.57 0.966815 -0.396815 -1.01474 -1.16277
2008    0.57 0.958422 -0.388422 -1.00197 -1.14037
2009    0.54 0.965304 -0.425304 -1.08929 -1.29765
2010    0.75 0.97164 -0.22164 -0.563963 -0.470522
2011     1.1 0.976469 0.123531 0.313826 0.501005
2012    0.88 0.979827 -0.0998266 -0.252738 -0.0828973
2013    0.98 0.979677 0.00032319 0.000822427 0.193983
2014    0.94 0.973204 -0.0332035 -0.0850555 0.103258
2015    1.09 0.968395 0.121605 0.313056 0.499383
2016    1.32 0.958715 0.361285 0.93947 1.02106
objective function: lognormal likelihood, with cv = 
0.406079 
0.404475 
0.406079 
0.404475 
0.406079 
0.407922 
0.406079 
0.404475 
0.406079 
0.403113 
0.404475 
0.403113 
0.401995 
0.401995 
0.401995 
0.401995 
0.403113 
0.401995 
0.404475 
0.401995 
0.404475 
0.404475 
0.404475 
0.404475 
0.403113 
0.403113 
0.401123 
0.401123 
0.401123 
0.401123 

Tangaroa_propn_at_age_Aug :
proportions-at-age in time step 2 using selectivity wcsiTANsel with ageing error (constrained to sum to 1):
obs (last class is a plus group):
class       3       4       5       6       7       8       9      10      11      12      13      14      15      16      17      18      19      20      21      22      23 
2000   0.021  0.0433  0.0476  0.0355  0.0317  0.1025  0.0608  0.2001  0.0944  0.0794  0.1029  0.0283   0.039  0.0194  0.0247  0.0115  0.0196  0.0062  0.0044  0.0125  0.0153 
2012  0.0436  0.0477  0.0431  0.0275    0.05  0.0607  0.0761  0.0962  0.0865  0.0718  0.0601  0.0544  0.0418  0.0372  0.0187   0.045  0.0357  0.0266  0.0226  0.0203  0.0345 
2013  0.0339  0.0728  0.0483  0.0305  0.0435  0.0838  0.1055  0.1294  0.0791  0.0896  0.0721  0.0456  0.0241  0.0224  0.0141  0.0228  0.0225  0.0204  0.0127  0.0107  0.0161 
2016   0.029   0.073  0.0574  0.0297  0.0439  0.0653  0.0712  0.0976  0.0916  0.1253  0.0669  0.0725  0.0442  0.0116  0.0339  0.0129  0.0086  0.0097  0.0118  0.0072  0.0366 
fits (last class is a plus group):
class       3       4       5       6       7       8       9      10      11      12      13      14      15      16      17      18      19      20      21      22      23 
2000 0.00609631 0.0520785 0.0438192 0.0401964 0.0481834 0.0695931 0.0965342 0.113118 0.105066 0.0881286 0.0734811 0.0591688 0.0458623 0.0350147 0.0267777 0.0206956 0.0162171 0.0128135 0.0100716 0.00778816 0.0292963 
2012 0.00770791 0.063237 0.0410458 0.0409149 0.0597269 0.0849059 0.100241 0.100609 0.0938693 0.0801221 0.0638541 0.0516224 0.0429087 0.0356058 0.0288977 0.0229631 0.0181568 0.0145321 0.0117804 0.00950477 0.0277944 
2013 0.00928566 0.0784905 0.0581469 0.0387445 0.0462282 0.0723773 0.0957912 0.102739 0.0954181 0.0834009 0.0685301 0.0532196 0.0415068 0.0333035 0.0268838 0.0213821 0.0167339 0.0130587 0.010318 0.00828554 0.0261562 
2016 0.00907706 0.0767287 0.0595117 0.05345 0.0666585 0.0702201 0.0671063 0.0731993 0.0842807 0.0877216 0.0803035 0.0666119 0.0521982 0.0393321 0.0287013 0.0207229 0.0152438 0.0114732 0.00872671 0.00666556 0.0220669 
resids (last class is a plus group):
class       3       4       5       6       7       8       9      10      11      12      13      14      15      16      17      18      19      20      21      22      23 
2000 0.0149037 -0.00877852 0.00378084 -0.00469638 -0.0164834 0.0329069 -0.0357342 0.0869824 -0.0106658 -0.00872864 0.0294189 -0.0308688 -0.00686228 -0.0156147 -0.00207767 -0.00919563 0.00338289 -0.0066135 -0.00567165 0.00471184 -0.0139963 
2012 0.0358921 -0.015537 0.00205425 -0.0134149 -0.00972691 -0.0242059 -0.0241407 -0.00440913 -0.00736928 -0.00832211 -0.00375414 0.00277761 -0.00110875 0.00159418 -0.0101977 0.0220369 0.0175432 0.0120679 0.0108196 0.0107952 0.00670561 
2013 0.0246143 -0.00569049 -0.00984691 -0.00824453 -0.00272817 0.0114227 0.00970882 0.0266613 -0.0163181 0.0061991 0.00356994 -0.00761957 -0.0174068 -0.0109035 -0.0127838 0.00141791 0.00576608 0.00734134 0.00238196 0.00241446 -0.0100562 
2016 0.0199229 -0.0037287 -0.00211166 -0.02375 -0.0227585 -0.00492009 0.00409371 0.0244007 0.0073193 0.0375784 -0.0134035 0.00588808 -0.0079982 -0.0277321 0.00519867 -0.00782289 -0.00664382 -0.00177316 0.00307329 0.000534441 0.0145331 
pearson_resids (last class is a plus group):
class       3       4       5       6       7       8       9      10      11      12      13      14      15      16      17      18      19      20      21      22      23 
2000 1.76522 -0.364263 0.170293 -0.220439 -0.70963 1.19228 -1.11557 2.53188 -0.320683 -0.283877 1.03949 -1.20622 -0.302444 -0.783173 -0.118657 -0.595515 0.246923 -0.542135 -0.523681 0.494175 -0.765196 
2012 3.95779 -0.615612 0.099853 -0.653069 -0.395826 -0.837454 -0.775187 -0.141352 -0.243674 -0.29562 -0.148076 0.121061 -0.0527625 0.0829641 -0.587058  1.4188  1.2671 0.972496 0.967037 1.07294 0.393389 
2013 2.28098 -0.188064 -0.373989 -0.379712 -0.115481 0.391829 0.293213 0.780492 -0.493679 0.199282 0.125588 -0.301706 -0.775671 -0.540118 -0.702498 0.0871228 0.39954 0.57477 0.209509 0.236745 -0.560034 
2016 1.74496 -0.116369 -0.0741431 -0.877086 -0.757914 -0.159947 0.135908 0.77818 0.218851 1.10343 -0.409687 0.196151 -0.298697 -1.18508 0.258636 -0.456156 -0.450434 -0.138304 0.274477 0.0545579 0.821782 
objective function: multinomial likelihood, with delta = 1e-006, N =
85 85 85 85 85 85 85 85 85 85 85 85 85 85 85 85 85 85 85 85 85 
93 93 93 93 93 93 93 93 93 93 93 93 93 93 93 93 93 93 93 93 93 
79 79 79 79 79 79 79 79 79 79 79 79 79 79 79 79 79 79 79 79 79 
69 69 69 69 69 69 69 69 69 69 69 69 69 69 69 69 69 69 69 69 69 

wcsiLLNage :
catch proportions-at-age for fishery wcsiLLN  with ageing error (constrained to sum to 1):
obs (last class is a plus group):
class       5       6       7       8       9      10      11      12      13      14      15      16      17      18      19      20      21      22      23 
2003  0.0001  0.0009  0.0199  0.0321  0.0401  0.0592  0.0915  0.1266  0.1053  0.0871  0.0644  0.0555  0.0633  0.0452  0.0306  0.0216  0.0102   0.008  0.1384 
2006  0.0105  0.0312  0.0667   0.104  0.1134  0.1124  0.1359  0.0919  0.0528  0.0559  0.0603  0.0568  0.0404  0.0247  0.0163  0.0044  0.0088   0.002  0.0115 
2007  0.0106   0.021  0.0519  0.0258  0.0839  0.0618  0.0705  0.0646  0.0583  0.0508  0.0385  0.1286   0.024  0.0994  0.0125  0.0075  0.0457  0.0644  0.0802 
2012  0.0001  0.0001  0.0064  0.0241  0.0395   0.058  0.0735  0.0792  0.0725  0.0775  0.0737  0.0947  0.0562  0.0703  0.0811  0.0502  0.0551  0.0303  0.0574 
2015       0       0  0.0086  0.0401  0.1038  0.1192  0.1617  0.1872   0.134  0.0885  0.0443  0.0301  0.0294  0.0206  0.0097  0.0104  0.0083  0.0002   0.004 
fits (last class is a plus group):
class       5       6       7       8       9      10      11      12      13      14      15      16      17      18      19      20      21      22      23 
2003 0.00743791 0.0135307 0.0207873 0.032546 0.0517011 0.0794967 0.11001 0.128364 0.123164 0.103938 0.0828664 0.0633361 0.0464465 0.0333979 0.0241152 0.0177583 0.0134237 0.0103982 0.0372819 
2006 0.00885643 0.0128136 0.0209409 0.0336609 0.0511894 0.0678667 0.0830376 0.0967426 0.106529 0.108807 0.100877 0.0835495 0.0630217 0.0451855 0.0319667 0.0225293 0.0158677 0.0113186 0.0352398 
2007 0.0113709 0.0149931 0.0214339 0.0334459 0.0505083 0.0702239 0.0850219 0.0936645 0.0982064 0.0986922 0.0940066 0.0832562 0.0674079 0.0503886 0.035889 0.02519 0.0176904 0.0124778 0.0361325 
2012 0.0085131 0.0184303 0.0333879 0.0508123 0.0696961 0.0889555 0.0974827 0.0966016 0.0926015  0.0852 0.0742962 0.0613706 0.0487938 0.0384674 0.0308386 0.0251105 0.0203139 0.0159981 0.0431297 
2015 0.0127294 0.0163114 0.0208106 0.0364792 0.0646561 0.0949511 0.114855 0.119575 0.11211 0.0947771 0.0735231 0.0554178 0.0422997 0.0326186 0.025076 0.0191895 0.0147697 0.0115667 0.0382834 
resids (last class is a plus group):
class       5       6       7       8       9      10      11      12      13      14      15      16      17      18      19      20      21      22      23 
2003 -0.00733791 -0.0126307 -0.000887292 -0.000445992 -0.0116011 -0.0202967 -0.01851 -0.00176378 -0.0178644 -0.0168377 -0.0184664 -0.00783613 0.0168535 0.0118021 0.00648485 0.00384175 -0.00322375 -0.00239822 0.101118 
2006 0.00164357 0.0183864 0.0457591 0.0703391 0.0622106 0.0445333 0.0528624 -0.00484256 -0.0537286 -0.0529075 -0.0405769 -0.0267495 -0.0226217 -0.0204855 -0.0156667 -0.0181293 -0.00706769 -0.00931856 -0.0237398 
2007 -0.000770908 0.00600691 0.0304661 -0.00764594 0.0333917 -0.00842391 -0.0145219 -0.0290645 -0.0399064 -0.0478922 -0.0555066 0.0453438 -0.0434079 0.0490114 -0.023389 -0.01769 0.0280096 0.0519222 0.0440675 
2012 -0.0084131 -0.0183303 -0.0269879 -0.0267123 -0.0301961 -0.0309555 -0.0239827 -0.0174016 -0.0201015 -0.00770005 -0.000596155 0.0333294 0.00740624 0.0318326 0.0502614 0.0250895 0.0347861 0.0143019 0.0142703 
2015 -0.0127294 -0.0163114 -0.0122106 0.00362082 0.0391439 0.0242489 0.0468446 0.0676246 0.0218902 -0.00627711 -0.0292231 -0.0253178 -0.0128997 -0.0120186 -0.015376 -0.00878948 -0.00646971 -0.0113667 -0.0342834 
pearson_resids (last class is a plus group):
class       5       6       7       8       9      10      11      12      13      14      15      16      17      18      19      20      21      22      23 
2003 -0.170804 -0.218653 -0.0124382 -0.00502682 -0.104787 -0.150061 -0.118312 -0.0105459 -0.108722 -0.110346 -0.13397 -0.0643449 0.160166 0.131373 0.0845445 0.0581768 -0.0560259 -0.0472835 1.06748 
2006 0.0464131 0.432524 0.845519 1.03185 0.74685 0.468453 0.506854 -0.043342 -0.460767 -0.449522 -0.35647 -0.255763 -0.2463 -0.260938 -0.235631 -0.323225 -0.149638 -0.233063 -0.340643 
2007 -0.019237 0.130778 0.556572 -0.112511 0.403422 -0.087223 -0.137753 -0.263925 -0.354787 -0.42485 -0.503213 0.434245 -0.458054 0.592798 -0.332672 -0.298677 0.562164 1.23754 0.624755 
2012 -0.28958 -0.430966 -0.47506 -0.384637 -0.375003 -0.34386 -0.255686 -0.186276 -0.219291 -0.0872189 -0.00718853 0.439138 0.108712 0.523413 0.919368 0.507091 0.779768 0.360464 0.222136 
2015 -0.300425 -0.340695 -0.226314 0.0510979 0.421136 0.218855 0.38871 0.551426 0.183568 -0.0566995 -0.296241 -0.292773 -0.169568 -0.179008 -0.260182 -0.169507 -0.141899 -0.281258 -0.47272 
objective function: multinomial likelihood, with delta = 1e-006, N =
4 4 4 4 4 4 4 4 4 4 4 4 4 4 4 4 4 4 4 
7 7 7 7 7 7 7 7 7 7 7 7 7 7 7 7 7 7 7 
7 7 7 7 7 7 7 7 7 7 7 7 7 7 7 7 7 7 7 
10 10 10 10 10 10 10 10 10 10 10 10 10 10 10 10 10 10 10 
7 7 7 7 7 7 7 7 7 7 7 7 7 7 7 7 7 7 7 

wcsiTRLage :
catch proportions-at-age for fishery wcsiTRL  with ageing error (constrained to sum to 1):
obs (last class is a plus group):
class       4       5       6       7       8       9      10      11      12      13      14      15      16      17      18      19      20      21 
1991  0.0018   0.008  0.0119  0.0176   0.052  0.0462  0.0837  0.0768  0.1391  0.1715  0.0676  0.0536   0.085  0.0538  0.0357  0.0127    0.01  0.0731 
1994  0.0076  0.0179  0.0344  0.0669  0.0996  0.1052  0.1101  0.1184  0.0773  0.0835  0.0833  0.0839  0.0248  0.0171  0.0196  0.0142  0.0101  0.0262 
1995  0.0165  0.0626  0.0608  0.1077  0.1484  0.1351  0.0786  0.0843  0.0657  0.0545  0.0556  0.0415  0.0289  0.0214  0.0074  0.0071  0.0044  0.0196 
1996  0.0017  0.0231  0.0821  0.0721  0.1076  0.1444  0.1013  0.0974  0.0867     0.1  0.0594  0.0347  0.0314   0.007  0.0112  0.0076  0.0066  0.0257 
1997  0.0018  0.0122  0.0474  0.0625  0.0717  0.1042  0.1121  0.1083  0.1321  0.1117  0.0713  0.0479  0.0305  0.0207  0.0204  0.0185  0.0102  0.0164 
1998  0.0019  0.0243  0.0334  0.0371  0.0994   0.196  0.1396  0.1263  0.1218   0.068  0.0622  0.0184  0.0113  0.0181  0.0061  0.0173   0.011  0.0077 
1999  0.0136  0.0289  0.0338  0.0461  0.1227  0.1527    0.15  0.1362  0.1007  0.0588  0.0448  0.0215  0.0221  0.0062   0.016  0.0092  0.0033  0.0334 
2000  0.0096  0.0177  0.0281  0.0477   0.147  0.0578  0.2156  0.1008  0.0975  0.1084  0.0326  0.0404  0.0178  0.0184  0.0111  0.0135  0.0084  0.0277 
2001  0.0137   0.054  0.0531  0.0435  0.0694  0.1047  0.1231  0.1361  0.1101  0.0749  0.0807  0.0346  0.0353  0.0133  0.0061  0.0113  0.0056  0.0306 
2002  0.0174  0.0365  0.0573  0.0396  0.1153  0.0949  0.1036   0.131  0.1223  0.0966  0.0649  0.0405  0.0199   0.017  0.0125  0.0073  0.0021  0.0212 
2003  0.0323    0.09  0.0662  0.0601  0.0849  0.0756  0.0954  0.1028  0.1177  0.0902  0.0577  0.0346  0.0249  0.0162  0.0126  0.0175  0.0043  0.0169 
2004  0.0303  0.0543  0.0779  0.0739  0.0933  0.0777  0.0685   0.098  0.1279  0.1006  0.0822  0.0503  0.0254  0.0174  0.0066   0.007   0.003  0.0055 
2005  0.0673  0.0743  0.0542  0.0528  0.0707  0.0774   0.089  0.0888  0.0793   0.073  0.0568   0.072  0.0536   0.038  0.0177   0.014  0.0131  0.0078 
2006  0.0482  0.1154  0.0778  0.0577   0.064  0.0678  0.0855  0.0879  0.0844  0.0657  0.0516   0.045  0.0498  0.0404  0.0182  0.0135  0.0022  0.0251 
2007   0.024   0.054  0.0579  0.1189  0.0652  0.0941  0.0594   0.079  0.0763   0.097  0.0632  0.0443  0.0678  0.0335  0.0164  0.0068  0.0112  0.0309 
2008  0.0383  0.1176  0.0533  0.0874  0.0888  0.0629  0.0689  0.0745  0.0758  0.0931  0.0521  0.0527  0.0438   0.029  0.0346  0.0159  0.0025  0.0087 
2012  0.0209  0.0216  0.0293  0.0554  0.0929  0.1254   0.134  0.1287  0.0827  0.0576  0.0483  0.0409  0.0293  0.0187  0.0286  0.0213  0.0213  0.0431 
2013   0.078  0.0572  0.0341  0.0437  0.1048  0.1368  0.1346  0.0974  0.0962  0.0716   0.041   0.023  0.0149  0.0093   0.011  0.0091  0.0097  0.0275 
2014  0.0336  0.0535  0.0578  0.0617  0.0663  0.1237  0.1543  0.1024  0.1061  0.0685  0.0307  0.0471   0.014  0.0177  0.0133  0.0153       0   0.034 
2015  0.0718  0.1056  0.0436   0.045  0.0611  0.0984  0.0998  0.0788  0.1028  0.0773  0.0549  0.0657   0.031  0.0151  0.0155   0.005  0.0104  0.0182 
fits (last class is a plus group):
class       4       5       6       7       8       9      10      11      12      13      14      15      16      17      18      19      20      21 
1991 0.0311029 0.043216 0.0556526 0.0681289 0.0784327 0.0873141 0.0951268 0.0978675 0.0901065 0.0719933 0.0511372 0.0356018 0.027229 0.0235407 0.0216716 0.0198678 0.0175323 0.0844783 
1994 0.0430294 0.0493829 0.0693473 0.0863681 0.0943094 0.0956019 0.0917585 0.0835359 0.0733461 0.0632678 0.0533986 0.0430709 0.0324991 0.0230914 0.0162447 0.0121753 0.010097 0.0594758 
1995 0.0310386 0.0620264 0.0693248 0.0874593 0.100843 0.102346 0.0961274 0.0855272 0.0725026 0.0596677 0.0488219 0.0398101 0.0316155 0.0238486 0.0171009 0.012137 0.00909095 0.0507118 
1996 0.0254764 0.0485305 0.0831329 0.0906156 0.102701 0.109314 0.102972 0.0895503 0.0738997 0.0586513 0.0458306 0.0361754 0.0288803 0.0227337 0.0171762 0.0124296 0.00890781 0.0430228 
1997 0.021234 0.0393648 0.0683371 0.104067 0.109204 0.111823 0.109764 0.096196 0.0778293 0.0600868 0.0452994 0.0342283 0.026466 0.0208628 0.0163299 0.0123675 0.00903449 0.0375059 
1998 0.0198194 0.0333336 0.0556051 0.0884887 0.121222 0.12148 0.11337 0.10261 0.0841103 0.0639673 0.0469324 0.0342366 0.02541 0.019428 0.0151845 0.0118384 0.00899459 0.0339689 
1999 0.0197437 0.0313292 0.047912 0.0733669 0.106182 0.132039  0.1257 0.107839 0.090034 0.0695444 0.0504463 0.0358107 0.0256524 0.0188573 0.0143081 0.0111079 0.00863667 0.0314898 
2000 0.0221852 0.0317994 0.0453718 0.064119 0.0896752 0.117765 0.133844 0.120796 0.0963485 0.0747126 0.0551269 0.0389017 0.0271942 0.0193277 0.0141351 0.0106684 0.00824306 0.0297858 
2001 0.0193182 0.0352242 0.0469382 0.0616377 0.0799603 0.101868 0.121571 0.127071 0.108906 0.0819973 0.05991 0.0428657 0.0298871 0.020779 0.0147106 0.0107187 0.00805805 0.0285786 
2002 0.0205667 0.032213 0.0512697 0.0643161 0.0774124 0.0919081 0.106652 0.116186 0.112613 0.0923916 0.0671184 0.047268 0.0332563 0.0231269 0.0160711 0.0113598 0.00825955 0.0280114 
2003 0.0203456 0.0336225 0.0485102 0.0694474 0.0814766 0.0898351 0.0975253 0.10329 0.103415 0.0939687 0.0747156 0.0535191 0.0371026 0.0258702 0.017989 0.0125148 0.00884467 0.0280076 
2004 0.0246767 0.0339384 0.0495177 0.0665508 0.0860633 0.0941835 0.0954439 0.0949846 0.0924612 0.0861613 0.0745859 0.0583022 0.0418178 0.0289499 0.0200994 0.0139834 0.00974859 0.0285313 
2005 0.0330122 0.0404144 0.0502062 0.0666242 0.0826636 0.0969762 0.0987913 0.0923479 0.0846155 0.0765818 0.0676243 0.0568032 0.0441272 0.0318637 0.0221436 0.0153454 0.0106831 0.0291762 
2006 0.0289994 0.0507214 0.0583613 0.0671745 0.0811615 0.0928442 0.0995949 0.0947905 0.0826659 0.0707661 0.0607732 0.0519372 0.0429862 0.0334124 0.0243357 0.0170264 0.0118083 0.0306409 
2007 0.0348141 0.047354 0.0709168 0.0777787 0.0823114 0.0904246 0.0949904 0.0933719 0.0829996 0.0681008 0.0552115 0.0456957 0.0382349 0.0313488 0.0243981 0.017909 0.012626 0.0315137 
2008 0.0340007 0.0532746 0.0677532 0.090394 0.0940017 0.0915615 0.0916875 0.0886063 0.0804368 0.0673454  0.0529 0.0414344 0.0335244 0.0276685 0.0225324 0.0175639 0.0129882 0.0323265 
2012 0.0263166 0.0294816 0.0478048 0.0805511 0.110505 0.123758 0.11985 0.10843 0.0883965 0.0652276 0.0476562 0.0358214 0.0273052 0.0207434 0.01569 0.0119772 0.00937495 0.0311097 
2013 0.0340995 0.0411926 0.0434068 0.0632401 0.0958556 0.120648 0.125242 0.112735 0.0940615 0.0722519 0.0511732 0.0359434 0.0262942 0.0197902 0.014975 0.0113295 0.00865328 0.0291075 
2014 0.026847 0.0524122 0.0592465 0.059732 0.0776636 0.105888 0.122432 0.118078 0.0991463 0.077014 0.0562459 0.038858 0.0267399 0.0192202 0.014321 0.0108012 0.00817542 0.0271781 
2015 0.0273819 0.0436657 0.0727055 0.078396 0.0747386 0.0868419 0.106837 0.114139 0.103157 0.0818372 0.0603411 0.0426208 0.0291477 0.0199261 0.0141673 0.01047 0.0078768 0.025751 
resids (last class is a plus group):
class       4       5       6       7       8       9      10      11      12      13      14      15      16      17      18      19      20      21 
1991 -0.0293029 -0.035216 -0.0437526 -0.0505289 -0.0264327 -0.0411141 -0.0114268 -0.0210675 0.0489935 0.0995067 0.0164628 0.0179982 0.057771 0.0302593 0.0140284 -0.00716784 -0.00753226 -0.0113783 
1994 -0.0354294 -0.0314829 -0.0349473 -0.0194681 0.00529062 0.00959813 0.0183415 0.0348641 0.00395386 0.0202322 0.0299014 0.0408291 -0.00769909 -0.00599145 0.00335533 0.00202472 2.98219e-006 -0.0332758 
1995 -0.0145386 0.000573574 -0.00852483 0.0202407 0.0475569 0.0327538 -0.0175274 -0.00122718 -0.00680257 -0.00516771 0.00677808 0.00168995 -0.00271548 -0.00244856 -0.00970088 -0.00503699 -0.00469095 -0.0311118 
1996 -0.0237764 -0.0254305 -0.00103293 -0.0185156 0.0048989 0.035086 -0.00167171 0.00784968 0.0128003 0.0413487 0.0135694 -0.00147541 0.00251971 -0.0157337 -0.00597617 -0.00482963 -0.00230781 -0.0173228 
1997 -0.019434 -0.0271648 -0.0209371 -0.0415666 -0.037504 -0.00762311 0.00233599 0.012104 0.0542707 0.0516132 0.0260006 0.0136717 0.00403399 -0.000162808 0.00407007 0.00613255 0.00116551 -0.0211059 
1998 -0.0179194 -0.00903365 -0.0222051 -0.0513887 -0.0218224 0.0745199 0.0262298 0.0236903 0.0376897 0.00403274 0.0152676 -0.0158366 -0.01411 -0.00132796 -0.00908453 0.00546165 0.00200541 -0.0262689 
1999 -0.00614368 -0.00242924 -0.014112 -0.0272669 0.0165177 0.0206609  0.0243 0.0283607 0.010666 -0.0107444 -0.00564634 -0.0143107 -0.00355235 -0.0126573 0.00169186 -0.00190789 -0.00533667 0.00191021 
2000 -0.0125852 -0.0140994 -0.0172718 -0.016419 0.0573248 -0.0599655 0.0817559 -0.0199959 0.0011515 0.0336874 -0.0225269 0.0014983 -0.00939418 -0.000927686 -0.00303513 0.00283165 0.00015694 -0.00208581 
2001 -0.00561816 0.0187758 0.00616181 -0.0181377 -0.0105603 0.00283173 0.00152902 0.00902895 0.00119395 -0.00709735 0.02079 -0.00826571 0.00541289 -0.00747903 -0.00861057 0.000581332 -0.00245805 0.00202142 
2002 -0.00316669 0.00428698 0.00603027 -0.0247161 0.0378876 0.00299191 -0.0030516 0.0148141 0.00968658 0.00420843 -0.00221839 -0.00676796 -0.0133563 -0.00612685 -0.00357114 -0.00405984 -0.00615955 -0.00681142 
2003 0.0119544 0.0563775 0.0176898 -0.00934744 0.00342343 -0.0142351 -0.00212535 -0.000489832 0.0142849 -0.00376865 -0.0170156 -0.0189191 -0.0122026 -0.00967024 -0.005389 0.00498521 -0.00454467 -0.0111076 
2004 0.00562328 0.0203616 0.0283823 0.00734915 0.00723674 -0.0164835 -0.0269439 0.0030154 0.0354388 0.0144387 0.00761406 -0.00800224 -0.0164178 -0.0115499 -0.0134994 -0.00698342 -0.00674859 -0.0230313 
2005 0.0342878 0.0338856 0.00399376 -0.0138242 -0.0119636 -0.0195762 -0.00979126 -0.00354786 -0.00531555 -0.00358176 -0.0108243 0.0151968 0.00947281 0.00613626 -0.00444357 -0.00134539 0.00241687 -0.0213762 
2006 0.0192006 0.0646786 0.0194387 -0.00947445 -0.0171615 -0.0250442 -0.0140949 -0.00689048 0.0017341 -0.00506613 -0.00917318 -0.00693718 0.00681379 0.00698757 -0.00613571 -0.00352642 -0.00960829 -0.00554092 
2007 -0.0108141 0.00664598 -0.0130168 0.0411213 -0.0171114 0.00367543 -0.0355904 -0.0143719 -0.00669961 0.0288992 0.00798853 -0.00139571 0.0295651 0.00215119 -0.00799806 -0.011109 -0.00142605 -0.000613677 
2008 0.00429926 0.0643254 -0.0144532 -0.00299402 -0.00520167 -0.0286615 -0.0227875 -0.0141063 -0.00463675 0.0257546 -0.00079999 0.0112656 0.0102756 0.00133153 0.0120676 -0.00166387 -0.0104882 -0.0236265 
2012 -0.00541663 -0.00788157 -0.0185048 -0.0251511 -0.0176051 0.00164249 0.0141495 0.0202695 -0.0056965 -0.00762761 0.000643757 0.00507859 0.00199476 -0.00204341 0.01291 0.0093228 0.011925 0.0119903 
2013 0.0439005 0.0160074 -0.00930684 -0.0195401 0.00894437 0.0161517 0.00935781 -0.0153351 0.00213855 -0.000651913 -0.0101732 -0.0129434 -0.0113942 -0.0104902 -0.00397497 -0.00222954 0.00104672 -0.00160751 
2014 0.00675304 0.00108777 -0.00144648 0.001968 -0.0113636 0.0178116 0.0318679 -0.0156781 0.0069537 -0.00851405 -0.0255459 0.00824195 -0.0127399 -0.00152023 -0.00102103 0.00449882 -0.00817542 0.00682187 
2015 0.0444181 0.0619343 -0.0291055 -0.033396 -0.0136386 0.0115581 -0.00703694 -0.0353387 -0.000356673 -0.00453721 -0.0054411 0.0230792 0.00185235 -0.00482611 0.00133267 -0.00547001 0.0025232 -0.00755099 
pearson_resids (last class is a plus group):
class       4       5       6       7       8       9      10      11      12      13      14      15      16      17      18      19      20      21 
1991 -0.695979 -0.714061 -0.7869 -0.826839 -0.405373 -0.600499 -0.160585 -0.292337 0.705488 1.58729 0.308147 0.400489 1.46357 0.822899 0.397232 -0.211785 -0.236631 -0.168692 
1994 -0.780812 -0.649829 -0.615205 -0.309939 0.080957 0.145978 0.284135 0.563507 0.0678249 0.371672 0.594783  0.8994 -0.194175 -0.1784  0.1187 0.0825659 0.000133401 -0.629199 
1995 -0.435613 0.0123563 -0.174391 0.372286 0.820643 0.561505 -0.308974 -0.022801 -0.136308 -0.113363 0.163437 0.0449139 -0.0806408 -0.083388 -0.388803 -0.239028 -0.256815 -0.736806 
1996 -0.603588 -0.47338 -0.0149655 -0.258002 0.064551 0.449774 -0.0220018 0.109964 0.195718 0.703895 0.259555 -0.0316057 0.0601829 -0.422231 -0.183985 -0.174366 -0.0982464 -0.341491 
1997 -0.841858 -0.87238 -0.518193 -0.850126 -0.750934 -0.15106 0.0466682 0.256358 1.26509 1.35631 0.780791 0.469597 0.156945 -0.00711379 0.200548 0.346526 0.0769248 -0.693725 
1998 -0.704184 -0.275641 -0.530738 -0.991067 -0.366212 1.24941 0.453143 0.427609 0.743768 0.0902685 0.395398 -0.477026 -0.491105 -0.0526977 -0.406897 0.276583 0.116342 -0.794266 
1999 -0.241883 -0.0763781 -0.361899 -0.572786 0.293671 0.334278 0.401485 0.500803 0.204102 -0.231347 -0.141304 -0.421826 -0.123071 -0.509677 0.0780303 -0.0997064 -0.315894 0.0599107 
2000 -0.409794 -0.385364 -0.398008 -0.321444 0.962214 -0.892204 1.15156 -0.294262 0.0187157 0.614464 -0.473365 0.0371616 -0.276995 -0.0323157 -0.123306 0.132185 0.00832434 -0.0588437 
2001 -0.195754 0.488458 0.139717 -0.361692 -0.186723 0.044898 0.0224393 0.130013 0.0183807 -0.124062 0.420131 -0.195705 0.152455 -0.251453 -0.343004 0.0270743 -0.131855 0.0581829 
2002 -0.144598 0.157351 0.177198 -0.652951 0.918782 0.0671168 -0.0640704 0.299601 0.198584 0.0941844 -0.0574551 -0.206687 -0.482746 -0.264171 -0.184046 -0.248272 -0.441059 -0.267525 
2003 0.500947 1.85034 0.487122 -0.217535 0.0740346 -0.294517 -0.0423827 -0.00952195 0.277538 -0.0764112 -0.382859 -0.497307 -0.38194 -0.360382 -0.239872 0.265302 -0.287161 -0.398275 
2004 0.243152 0.754346 0.877611 0.197798 0.173094 -0.378571 -0.615141 0.0689917 0.820678 0.345178 0.194413 -0.229097 -0.550195 -0.462105 -0.645265 -0.398956 -0.460761 -0.928004 
2005 1.13534 1.01798 0.108199 -0.327967 -0.257023 -0.391363 -0.194134 -0.0724982 -0.112994 -0.0796836 -0.255028 0.388418 0.272872 0.206691 -0.178651 -0.0647515 0.139082 -0.751416 
2006 0.498754 1.28483 0.361443 -0.164979 -0.273929 -0.376154 -0.205164 -0.102534 0.0274489 -0.0861148 -0.167361 -0.136271 0.146434 0.169484 -0.173568 -0.118817 -0.387712 -0.140141 
2007 -0.186555 0.0989497 -0.160362 0.485533 -0.196883 0.0405271 -0.383854 -0.156204 -0.0767939 0.362765 0.110608 -0.0211356 0.487544 0.0390376 -0.163935 -0.264888 -0.0403887 -0.0111082 
2008 0.116216 1.40319 -0.281735 -0.0511521 -0.0873207 -0.486856 -0.386838 -0.243183 -0.0835221 0.503437 -0.0175091 0.276929 0.279664 0.0397702 0.398357 -0.0620531 -0.453807 -0.654427 
2012 -0.194385 -0.267666 -0.498245 -0.530902 -0.322576 0.0286525 0.250265 0.374496 -0.115277 -0.17745 0.0173589 0.156982 0.070313 -0.0823614 0.596766 0.492314 0.71085 0.396735 
2013 1.38959 0.462703 -0.262371 -0.461184 0.174534 0.284861 0.16241 -0.27854 0.0420844 -0.0144646 -0.265217 -0.399434 -0.409069 -0.432668 -0.188011 -0.121015 0.0649206 -0.0549317 
2014 0.182112 0.021276 -0.0267066 0.036197 -0.185072 0.252325 0.423782 -0.211773 0.101421 -0.139197 -0.483307 0.185897 -0.344231 -0.0482638 -0.0374592 0.189713 -0.395744 0.182875 
2015 1.30533 1.45352 -0.537584 -0.595853 -0.248731 0.196839 -0.10925 -0.532985 -0.00562376 -0.0793811 -0.109587 0.547938 0.052809 -0.165623 0.0540805 -0.257729 0.136886 -0.228631 
objective function: multinomial likelihood, with delta = 1e-006, N =
17 17 17 17 17 17 17 17 17 17 17 17 17 17 17 17 17 17 
20 20 20 20 20 20 20 20 20 20 20 20 20 20 20 20 20 20 
27 27 27 27 27 27 27 27 27 27 27 27 27 27 27 27 27 27 
16 16 16 16 16 16 16 16 16 16 16 16 16 16 16 16 16 16 
39 39 39 39 39 39 39 39 39 39 39 39 39 39 39 39 39 39 
30 30 30 30 30 30 30 30 30 30 30 30 30 30 30 30 30 30 
30 30 30 30 30 30 30 30 30 30 30 30 30 30 30 30 30 30 
23 23 23 23 23 23 23 23 23 23 23 23 23 23 23 23 23 23 
23 23 23 23 23 23 23 23 23 23 23 23 23 23 23 23 23 23 
42 42 42 42 42 42 42 42 42 42 42 42 42 42 42 42 42 42 
35 35 35 35 35 35 35 35 35 35 35 35 35 35 35 35 35 35 
45 45 45 45 45 45 45 45 45 45 45 45 45 45 45 45 45 45 
35 35 35 35 35 35 35 35 35 35 35 35 35 35 35 35 35 35 
19 19 19 19 19 19 19 19 19 19 19 19 19 19 19 19 19 19 
10 10 10 10 10 10 10 10 10 10 10 10 10 10 10 10 10 10 
24 24 24 24 24 24 24 24 24 24 24 24 24 24 24 24 24 24 
33 33 33 33 33 33 33 33 33 33 33 33 33 33 33 33 33 33 
33 33 33 33 33 33 33 33 33 33 33 33 33 33 33 33 33 33 
19 19 19 19 19 19 19 19 19 19 19 19 19 19 19 19 19 19 
23 23 23 23 23 23 23 23 23 23 23 23 23 23 23 23 23 23 

Output quantities start here

* Scalar parameter values
q[wcsiTAN].q 0.0968497
q[wcsiTRLcpue].q 3.50214e-005
initialization.B0 63355.5

* Vector parameter values
recruitment.YCS 1 1 1 1 1 1 0.495045 0.517355 0.538101 0.559724 0.549337 0.584875 0.516429 0.457085 0.433988 0.455561 0.493038 0.528582 0.592563 0.677977 0.699691 0.658868 1.05527 0.618586 0.598157 0.491935 0.489237 0.489141 0.559229 0.424247 0.477442 0.428095 0.540255 0.713337 0.546233 0.747062 0.679265 0.577769 0.399446 0.377634 0.634277 0.779731 0.507622 0.598813 0.744275 0.561325 0.561325 0.561325 0.561325 

* Ogive parameter values
selectivity[wcsiTANsel].mature 0.0466796 0.0668693 0.093668 0.128298 0.171837 0.22505 0.288209 0.360912 0.441937 0.529158 0.619549 0.709304 0.794062 0.869246 0.930457 0.973904 0.996785 0.999993 0.999934 0.999813 0.999631 0.999387 0.999082 0.998715 0.998287 0.997798 
selectivity[wcsiTANsel].immature 0.0392282 0.0745335 0.0782396 0.0784449 0.0784557 0.0784563 0.0784563 0.0784563 0.0784563 0.0784563 0.0784563 0.0784563 0.0784563 0.0784563 0.0784563 0.0784563 0.0784563 0.0784563 0.0784563 0.0784563 0.0784563 0.0784563 0.0784563 0.0784563 0.0784563 0.0784563 
selectivity[wcsiTRLsel].all 0.0235511 0.0469226 0.087169 0.150991 0.243865 0.367247 0.515673 0.67515 0.824204 0.938163 0.995707 0.999987 0.999915 0.99978 0.999582 0.999321 0.998998 0.998612 0.998164 0.997653 0.99708 0.996445 0.995747 0.994988 0.994166 0.993283 
selectivity[wcsiLLNsel].all 0.00212185 0.0041649 0.00815901 0.0159222 0.0308424 0.0589068 0.109619 0.194946 0.322625 0.483685 0.648207 0.783744 0.876973 0.933424 0.965007 0.981897 0.990714 0.995257 0.997583 0.99877 0.999374 0.999682 0.999838 0.999918 0.999958 0.999979 
maturation[1].rates_all 0 0.01 0.056 0.23 0.48 0.67 0.83 0.93 0.97 1 1 1 1 1 1 1 1 1 1 1 1 1 1 1 1 1 

* Ogive arguments
maturation[1].rates_all 0 0.01 0.056 0.23 0.48 0.67 0.83 0.93 0.97 1 
selectivity[wcsiTANsel].immature 3 1 0.0784563 
selectivity[wcsiTANsel].mature 19.5361 7.86446 150.068 
selectivity[wcsiTRLsel].all 13.3507 4.4509 148.563 
selectivity[wcsiLLNsel].all 12.0965 4.35277 

* B0
63355.5

* R0
4.06864e+006

* SSBs
SSB 63355.5 63160.1 62902.5 62222.9 61165.3 59687.4 59660.9 59084.3 58119.6 56531.1 53864.3 50208.1 46756.4 44538.8 43014.4 42199.2 41134.6 39501.5 37809.2 36338 35263.7 34844.6 34998 35384.6 35752.3 36623.4 37852.8 38322.8 37972.1 36826.2 35520.3 34326.8 33252.9 32269.2 31533.7 30679.2 30598.4 31237.2 31903.3 32506.7 32843.6 32582.4 31705.6 30949.6 30676.6 30765.9 30704 30867.1 30898.4 
year 1972 1973 1974 1975 1976 1977 1978 1979 1980 1981 1982 1983 1984 1985 1986 1987 1988 1989 1990 1991 1992 1993 1994 1995 1996 1997 1998 1999 2000 2001 2002 2003 2004 2005 2006 2007 2008 2009 2010 2011 2012 2013 2014 2015 2016 2017 2018 2019 2020 

* YCS
YCS 1 1 1 1 1 1 0.495045 0.517355 0.538101 0.559724 0.955365 1.01717 0.898135 0.794928 0.754759 0.792278 0.857456 0.919271 1.03054 1.17909 1.21685 1.14585 1.83525 1.0758 1.04027 0.855537 0.850845 0.850677 0.972569 0.737819 0.830331 0.744511 0.939572 1.24058 0.949968 1.29924 1.18133 1.00481 0.694687 0.656753 1.10309 1.35605 0.882818 1.04141 1.29439 0.561325 0.561325 0.561325 0.561325 
year 1968 1969 1970 1971 1972 1973 1974 1975 1976 1977 1978 1979 1980 1981 1982 1983 1984 1985 1986 1987 1988 1989 1990 1991 1992 1993 1994 1995 1996 1997 1998 1999 2000 2001 2002 2003 2004 2005 2006 2007 2008 2009 2010 2011 2012 2013 2014 2015 2016 

* true_YCS
true_YCS 1 1 1 1 1 0.999853 0.494875 0.516907 0.537185 0.55809 0.952556 1.01368 0.894299 0.790384 0.748479 0.782521 0.843201 0.901142 1.00785 1.15159 1.18633 1.11383 1.77804 1.03901 1.00225 0.823452 0.819236 0.819818 0.938081 0.713036 0.80452 0.722052 0.910586 1.19944 0.915794 1.24894 1.13251 0.96074 0.662835 0.625051 1.04958 1.29275 0.843232 0.996385 1.23955 0.537166 0.535853 0.534666 0.534225 
year 1968 1969 1970 1971 1972 1973 1974 1975 1976 1977 1978 1979 1980 1981 1982 1983 1984 1985 1986 1987 1988 1989 1990 1991 1992 1993 1994 1995 1996 1997 1998 1999 2000 2001 2002 2003 2004 2005 2006 2007 2008 2009 2010 2011 2012 2013 2014 2015 2016 

* actual_catches
wcsiTRL 0 284 192 265 259 253 175 772 912 1059 1400 1646 1463 1360 1453 1305 2303 2394 2419 2353 1668 1709 1213 1927 2012 1985 2141 2510 2605 2675 2644 2313 2348 1780 2114 1601 1175 1312 1636 2096 2098 2205 1658 1823 1823 2056 2092 1835 1835 
wcsiLLN 0 66 53 529 963 1523 188 515 515 646 829 1123 942 355 486 437 469 452 437 396 676 760 918 1136 1227 1222 1158 1250 1070 1134 951 943 949 995 803 1143 1289 1216 1292 1223 1174 1203 1390 1351 1351 1371 1395 1223 1223 
year 1972 1973 1974 1975 1976 1977 1978 1979 1980 1981 1982 1983 1984 1985 1986 1987 1988 1989 1990 1991 1992 1993 1994 1995 1996 1997 1998 1999 2000 2001 2002 2003 2004 2005 2006 2007 2008 2009 2010 2011 2012 2013 2014 2015 2016 2017 2018 2019 2020 

* fishing_pressures
wcsiTRL 0 0.00485655 0.00329957 0.00460422 0.00458303 0.00459567 0.0031859 0.0141596 0.0170443 0.0203248 0.0278717 0.0345783 0.0326379 0.0317899 0.0355655 0.0332611 0.060375 0.0654606 0.0687239 0.0691994 0.0509559 0.0530724 0.0380582 0.0599415 0.0625491 0.061126 0.0647065 0.0748655 0.0773599 0.0802449 0.0808565 0.0729811 0.0764797 0.0601538 0.0724719 0.0566496 0.0422061 0.0467153 0.0576275 0.0730122 0.0728284 0.0764183 0.0582658 0.0642118 0.0648477 0.0740178 0.0765678 0.0677178 0.0678433 
wcsiLLN 0 0.00156832 0.00126696 0.0126966 0.0234466 0.0379094 0.00483294 0.0132569 0.0135006 0.017282 0.0227619 0.0320239 0.0283224 0.0112215 0.0159818 0.0151498 0.0171356 0.0178668 0.0186115 0.0179903 0.0323251 0.037601 0.0469481 0.0591827 0.0665446 0.0685798 0.0661275 0.0715669 0.0614436 0.0644569 0.0536913 0.0528364 0.0529787 0.0563835 0.0461037 0.0673046 0.0780115 0.0749838 0.0809236 0.0783677 0.077074 0.0797325 0.092498 0.0889265 0.088335 0.0896707 0.0930057 0.0839167 0.0847974 
year 1972 1973 1974 1975 1976 1977 1978 1979 1980 1981 1982 1983 1984 1985 1986 1987 1988 1989 1990 1991 1992 1993 1994 1995 1996 1997 1998 1999 2000 2001 2002 2003 2004 2005 2006 2007 2008 2009 2010 2011 2012 2013 2014 2015 2016 2017 2018 2019 2020 

* wcsiTANbio.fits
2000  2126.56 
2012  1837.28 
2013  1833.05 
2016  1797.35 

* wcsiTRLcpue.fits
1987  1.35449 
1988  1.30148 
1989  1.24524 
1990  1.19685 
1991  1.15603 
1992  1.122 
1993  1.10302 
1994  1.09903 
1995  1.09884 
1996  1.09868 
1997  1.11004 
1998  1.12937 
1999  1.13933 
2000  1.1426 
2001  1.12909 
2002  1.10671 
2003  1.07606 
2004  1.04081 
2005  1.01043 
2006  0.990912 
2007  0.966815 
2008  0.958422 
2009  0.965304 
2010  0.97164 
2011  0.976469 
2012  0.979827 
2013  0.979677 
2014  0.973204 
2015  0.968395 
2016  0.958715 

* Tangaroa_propn_at_age_Aug.fits
2000  0.00609631 0.0520785 0.0438192 0.0401964 0.0481834 0.0695931 0.0965342 0.113118 0.105066 0.0881286 0.0734811 0.0591688 0.0458623 0.0350147 0.0267777 0.0206956 0.0162171 0.0128135 0.0100716 0.00778816 0.0292963 
2012  0.00770791 0.063237 0.0410458 0.0409149 0.0597269 0.0849059 0.100241 0.100609 0.0938693 0.0801221 0.0638541 0.0516224 0.0429087 0.0356058 0.0288977 0.0229631 0.0181568 0.0145321 0.0117804 0.00950477 0.0277944 
2013  0.00928566 0.0784905 0.0581469 0.0387445 0.0462282 0.0723773 0.0957912 0.102739 0.0954181 0.0834009 0.0685301 0.0532196 0.0415068 0.0333035 0.0268838 0.0213821 0.0167339 0.0130587 0.010318 0.00828554 0.0261562 
2016  0.00907706 0.0767287 0.0595117 0.05345 0.0666585 0.0702201 0.0671063 0.0731993 0.0842807 0.0877216 0.0803035 0.0666119 0.0521982 0.0393321 0.0287013 0.0207229 0.0152438 0.0114732 0.00872671 0.00666556 0.0220669 

* wcsiLLNage.fits
2003  0.00743791 0.0135307 0.0207873 0.032546 0.0517011 0.0794967 0.11001 0.128364 0.123164 0.103938 0.0828664 0.0633361 0.0464465 0.0333979 0.0241152 0.0177583 0.0134237 0.0103982 0.0372819 
2006  0.00885643 0.0128136 0.0209409 0.0336609 0.0511894 0.0678667 0.0830376 0.0967426 0.106529 0.108807 0.100877 0.0835495 0.0630217 0.0451855 0.0319667 0.0225293 0.0158677 0.0113186 0.0352398 
2007  0.0113709 0.0149931 0.0214339 0.0334459 0.0505083 0.0702239 0.0850219 0.0936645 0.0982064 0.0986922 0.0940066 0.0832562 0.0674079 0.0503886 0.035889 0.02519 0.0176904 0.0124778 0.0361325 
2012  0.0085131 0.0184303 0.0333879 0.0508123 0.0696961 0.0889555 0.0974827 0.0966016 0.0926015 0.0852 0.0742962 0.0613706 0.0487938 0.0384674 0.0308386 0.0251105 0.0203139 0.0159981 0.0431297 
2015  0.0127294 0.0163114 0.0208106 0.0364792 0.0646561 0.0949511 0.114855 0.119575 0.11211 0.0947771 0.0735231 0.0554178 0.0422997 0.0326186 0.025076 0.0191895 0.0147697 0.0115667 0.0382834 

* wcsiTRLage.fits
1991  0.0311029 0.043216 0.0556526 0.0681289 0.0784327 0.0873141 0.0951268 0.0978675 0.0901065 0.0719933 0.0511372 0.0356018 0.027229 0.0235407 0.0216716 0.0198678 0.0175323 0.0844783 
1994  0.0430294 0.0493829 0.0693473 0.0863681 0.0943094 0.0956019 0.0917585 0.0835359 0.0733461 0.0632678 0.0533986 0.0430709 0.0324991 0.0230914 0.0162447 0.0121753 0.010097 0.0594758 
1995  0.0310386 0.0620264 0.0693248 0.0874593 0.100843 0.102346 0.0961274 0.0855272 0.0725026 0.0596677 0.0488219 0.0398101 0.0316155 0.0238486 0.0171009 0.012137 0.00909095 0.0507118 
1996  0.0254764 0.0485305 0.0831329 0.0906156 0.102701 0.109314 0.102972 0.0895503 0.0738997 0.0586513 0.0458306 0.0361754 0.0288803 0.0227337 0.0171762 0.0124296 0.00890781 0.0430228 
1997  0.021234 0.0393648 0.0683371 0.104067 0.109204 0.111823 0.109764 0.096196 0.0778293 0.0600868 0.0452994 0.0342283 0.026466 0.0208628 0.0163299 0.0123675 0.00903449 0.0375059 
1998  0.0198194 0.0333336 0.0556051 0.0884887 0.121222 0.12148 0.11337 0.10261 0.0841103 0.0639673 0.0469324 0.0342366 0.02541 0.019428 0.0151845 0.0118384 0.00899459 0.0339689 
1999  0.0197437 0.0313292 0.047912 0.0733669 0.106182 0.132039 0.1257 0.107839 0.090034 0.0695444 0.0504463 0.0358107 0.0256524 0.0188573 0.0143081 0.0111079 0.00863667 0.0314898 
2000  0.0221852 0.0317994 0.0453718 0.064119 0.0896752 0.117765 0.133844 0.120796 0.0963485 0.0747126 0.0551269 0.0389017 0.0271942 0.0193277 0.0141351 0.0106684 0.00824306 0.0297858 
2001  0.0193182 0.0352242 0.0469382 0.0616377 0.0799603 0.101868 0.121571 0.127071 0.108906 0.0819973 0.05991 0.0428657 0.0298871 0.020779 0.0147106 0.0107187 0.00805805 0.0285786 
2002  0.0205667 0.032213 0.0512697 0.0643161 0.0774124 0.0919081 0.106652 0.116186 0.112613 0.0923916 0.0671184 0.047268 0.0332563 0.0231269 0.0160711 0.0113598 0.00825955 0.0280114 
2003  0.0203456 0.0336225 0.0485102 0.0694474 0.0814766 0.0898351 0.0975253 0.10329 0.103415 0.0939687 0.0747156 0.0535191 0.0371026 0.0258702 0.017989 0.0125148 0.00884467 0.0280076 
2004  0.0246767 0.0339384 0.0495177 0.0665508 0.0860633 0.0941835 0.0954439 0.0949846 0.0924612 0.0861613 0.0745859 0.0583022 0.0418178 0.0289499 0.0200994 0.0139834 0.00974859 0.0285313 
2005  0.0330122 0.0404144 0.0502062 0.0666242 0.0826636 0.0969762 0.0987913 0.0923479 0.0846155 0.0765818 0.0676243 0.0568032 0.0441272 0.0318637 0.0221436 0.0153454 0.0106831 0.0291762 
2006  0.0289994 0.0507214 0.0583613 0.0671745 0.0811615 0.0928442 0.0995949 0.0947905 0.0826659 0.0707661 0.0607732 0.0519372 0.0429862 0.0334124 0.0243357 0.0170264 0.0118083 0.0306409 
2007  0.0348141 0.047354 0.0709168 0.0777787 0.0823114 0.0904246 0.0949904 0.0933719 0.0829996 0.0681008 0.0552115 0.0456957 0.0382349 0.0313488 0.0243981 0.017909 0.012626 0.0315137 
2008  0.0340007 0.0532746 0.0677532 0.090394 0.0940017 0.0915615 0.0916875 0.0886063 0.0804368 0.0673454 0.0529 0.0414344 0.0335244 0.0276685 0.0225324 0.0175639 0.0129882 0.0323265 
2012  0.0263166 0.0294816 0.0478048 0.0805511 0.110505 0.123758 0.11985 0.10843 0.0883965 0.0652276 0.0476562 0.0358214 0.0273052 0.0207434 0.01569 0.0119772 0.00937495 0.0311097 
2013  0.0340995 0.0411926 0.0434068 0.0632401 0.0958556 0.120648 0.125242 0.112735 0.0940615 0.0722519 0.0511732 0.0359434 0.0262942 0.0197902 0.014975 0.0113295 0.00865328 0.0291075 
2014  0.026847 0.0524122 0.0592465 0.059732 0.0776636 0.105888 0.122432 0.118078 0.0991463 0.077014 0.0562459 0.038858 0.0267399 0.0192202 0.014321 0.0108012 0.00817542 0.0271781 
2015  0.0273819 0.0436657 0.0727055 0.078396 0.0747386 0.0868419 0.106837 0.114139 0.103157 0.0818372 0.0603411 0.0426208 0.0291477 0.0199261 0.0141673 0.01047 0.0078768 0.025751 

* wcsiTANbio.pearson_resids
2000  -0.472226 
2012  0.72567 
2013  0.335141 
2016  -0.381258 

* wcsiTRLcpue.pearson_resids
1987  -1.40809 
1988  -0.55371 
1989  0.365381 
1990  0.357671 
1991  -0.588006 
1992  -0.375799 
1993  -0.00673971 
1994  -0.357757 
1995  0.428414 
1996  1.38028 
1997  1.1358 
1998  0.418724 
1999  1.00582 
2000  0.168519 
2001  -0.328464 
2002  0.254654 
2003  -0.866947 
2004  0.404374 
2005  -0.441478 
2006  -0.55458 
2007  -1.01474 
2008  -1.00197 
2009  -1.08929 
2010  -0.563963 
2011  0.313826 
2012  -0.252738 
2013  0.000822427 
2014  -0.0850555 
2015  0.313056 
2016  0.93947 

* Tangaroa_propn_at_age_Aug.pearson_resids
2000  1.76522 -0.364263 0.170293 -0.220439 -0.70963 1.19228 -1.11557 2.53188 -0.320683 -0.283877 1.03949 -1.20622 -0.302444 -0.783173 -0.118657 -0.595515 0.246923 -0.542135 -0.523681 0.494175 -0.765196 
2012  3.95779 -0.615612 0.099853 -0.653069 -0.395826 -0.837454 -0.775187 -0.141352 -0.243674 -0.29562 -0.148076 0.121061 -0.0527625 0.0829641 -0.587058 1.4188 1.2671 0.972496 0.967037 1.07294 0.393389 
2013  2.28098 -0.188064 -0.373989 -0.379712 -0.115481 0.391829 0.293213 0.780492 -0.493679 0.199282 0.125588 -0.301706 -0.775671 -0.540118 -0.702498 0.0871228 0.39954 0.57477 0.209509 0.236745 -0.560034 
2016  1.74496 -0.116369 -0.0741431 -0.877086 -0.757914 -0.159947 0.135908 0.77818 0.218851 1.10343 -0.409687 0.196151 -0.298697 -1.18508 0.258636 -0.456156 -0.450434 -0.138304 0.274477 0.0545579 0.821782 

* wcsiLLNage.pearson_resids
2003  -0.170804 -0.218653 -0.0124382 -0.00502682 -0.104787 -0.150061 -0.118312 -0.0105459 -0.108722 -0.110346 -0.13397 -0.0643449 0.160166 0.131373 0.0845445 0.0581768 -0.0560259 -0.0472835 1.06748 
2006  0.0464131 0.432524 0.845519 1.03185 0.74685 0.468453 0.506854 -0.043342 -0.460767 -0.449522 -0.35647 -0.255763 -0.2463 -0.260938 -0.235631 -0.323225 -0.149638 -0.233063 -0.340643 
2007  -0.019237 0.130778 0.556572 -0.112511 0.403422 -0.087223 -0.137753 -0.263925 -0.354787 -0.42485 -0.503213 0.434245 -0.458054 0.592798 -0.332672 -0.298677 0.562164 1.23754 0.624755 
2012  -0.28958 -0.430966 -0.47506 -0.384637 -0.375003 -0.34386 -0.255686 -0.186276 -0.219291 -0.0872189 -0.00718853 0.439138 0.108712 0.523413 0.919368 0.507091 0.779768 0.360464 0.222136 
2015  -0.300425 -0.340695 -0.226314 0.0510979 0.421136 0.218855 0.38871 0.551426 0.183568 -0.0566995 -0.296241 -0.292773 -0.169568 -0.179008 -0.260182 -0.169507 -0.141899 -0.281258 -0.47272 

* wcsiTRLage.pearson_resids
1991  -0.695979 -0.714061 -0.7869 -0.826839 -0.405373 -0.600499 -0.160585 -0.292337 0.705488 1.58729 0.308147 0.400489 1.46357 0.822899 0.397232 -0.211785 -0.236631 -0.168692 
1994  -0.780812 -0.649829 -0.615205 -0.309939 0.080957 0.145978 0.284135 0.563507 0.0678249 0.371672 0.594783 0.8994 -0.194175 -0.1784 0.1187 0.0825659 0.000133401 -0.629199 
1995  -0.435613 0.0123563 -0.174391 0.372286 0.820643 0.561505 -0.308974 -0.022801 -0.136308 -0.113363 0.163437 0.0449139 -0.0806408 -0.083388 -0.388803 -0.239028 -0.256815 -0.736806 
1996  -0.603588 -0.47338 -0.0149655 -0.258002 0.064551 0.449774 -0.0220018 0.109964 0.195718 0.703895 0.259555 -0.0316057 0.0601829 -0.422231 -0.183985 -0.174366 -0.0982464 -0.341491 
1997  -0.841858 -0.87238 -0.518193 -0.850126 -0.750934 -0.15106 0.0466682 0.256358 1.26509 1.35631 0.780791 0.469597 0.156945 -0.00711379 0.200548 0.346526 0.0769248 -0.693725 
1998  -0.704184 -0.275641 -0.530738 -0.991067 -0.366212 1.24941 0.453143 0.427609 0.743768 0.0902685 0.395398 -0.477026 -0.491105 -0.0526977 -0.406897 0.276583 0.116342 -0.794266 
1999  -0.241883 -0.0763781 -0.361899 -0.572786 0.293671 0.334278 0.401485 0.500803 0.204102 -0.231347 -0.141304 -0.421826 -0.123071 -0.509677 0.0780303 -0.0997064 -0.315894 0.0599107 
2000  -0.409794 -0.385364 -0.398008 -0.321444 0.962214 -0.892204 1.15156 -0.294262 0.0187157 0.614464 -0.473365 0.0371616 -0.276995 -0.0323157 -0.123306 0.132185 0.00832434 -0.0588437 
2001  -0.195754 0.488458 0.139717 -0.361692 -0.186723 0.044898 0.0224393 0.130013 0.0183807 -0.124062 0.420131 -0.195705 0.152455 -0.251453 -0.343004 0.0270743 -0.131855 0.0581829 
2002  -0.144598 0.157351 0.177198 -0.652951 0.918782 0.0671168 -0.0640704 0.299601 0.198584 0.0941844 -0.0574551 -0.206687 -0.482746 -0.264171 -0.184046 -0.248272 -0.441059 -0.267525 
2003  0.500947 1.85034 0.487122 -0.217535 0.0740346 -0.294517 -0.0423827 -0.00952195 0.277538 -0.0764112 -0.382859 -0.497307 -0.38194 -0.360382 -0.239872 0.265302 -0.287161 -0.398275 
2004  0.243152 0.754346 0.877611 0.197798 0.173094 -0.378571 -0.615141 0.0689917 0.820678 0.345178 0.194413 -0.229097 -0.550195 -0.462105 -0.645265 -0.398956 -0.460761 -0.928004 
2005  1.13534 1.01798 0.108199 -0.327967 -0.257023 -0.391363 -0.194134 -0.0724982 -0.112994 -0.0796836 -0.255028 0.388418 0.272872 0.206691 -0.178651 -0.0647515 0.139082 -0.751416 
2006  0.498754 1.28483 0.361443 -0.164979 -0.273929 -0.376154 -0.205164 -0.102534 0.0274489 -0.0861148 -0.167361 -0.136271 0.146434 0.169484 -0.173568 -0.118817 -0.387712 -0.140141 
2007  -0.186555 0.0989497 -0.160362 0.485533 -0.196883 0.0405271 -0.383854 -0.156204 -0.0767939 0.362765 0.110608 -0.0211356 0.487544 0.0390376 -0.163935 -0.264888 -0.0403887 -0.0111082 
2008  0.116216 1.40319 -0.281735 -0.0511521 -0.0873207 -0.486856 -0.386838 -0.243183 -0.0835221 0.503437 -0.0175091 0.276929 0.279664 0.0397702 0.398357 -0.0620531 -0.453807 -0.654427 
2012  -0.194385 -0.267666 -0.498245 -0.530902 -0.322576 0.0286525 0.250265 0.374496 -0.115277 -0.17745 0.0173589 0.156982 0.070313 -0.0823614 0.596766 0.492314 0.71085 0.396735 
2013  1.38959 0.462703 -0.262371 -0.461184 0.174534 0.284861 0.16241 -0.27854 0.0420844 -0.0144646 -0.265217 -0.399434 -0.409069 -0.432668 -0.188011 -0.121015 0.0649206 -0.0549317 
2014  0.182112 0.021276 -0.0267066 0.036197 -0.185072 0.252325 0.423782 -0.211773 0.101421 -0.139197 -0.483307 0.185897 -0.344231 -0.0482638 -0.0374592 0.189713 -0.395744 0.182875 
2015  1.30533 1.45352 -0.537584 -0.595853 -0.248731 0.196839 -0.10925 -0.532985 -0.00562376 -0.0793811 -0.109587 0.547938 0.052809 -0.165623 0.0540805 -0.257729 0.136886 -0.228631 

* wcsiTANbio.normalised_resids
2000  -0.383073 
2012  0.799795 
2013  0.460015 
2016  -0.288263 

* wcsiTRLcpue.normalised_resids
1987  -1.9756 
1988  -0.456757 
1989  0.549455 
1990  0.541741 
1991  -0.502991 
1992  -0.227981 
1993  0.188328 
1994  -0.20693 
1995  0.60588 
1996  1.33406 
1997  1.16578 
1998  0.595969 
1999  1.07086 
2000  0.362877 
2001  -0.172364 
2002  0.445334 
2003  -0.914069 
2004  0.582683 
2005  -0.31071 
2006  -0.458188 
2007  -1.16277 
2008  -1.14037 
2009  -1.29765 
2010  -0.470522 
2011  0.501005 
2012  -0.0828973 
2013  0.193983 
2014  0.103258 
2015  0.499383 
2016  1.02106 

* TRL
1972  58553.3 
1973  58366.3 
1974  58118.5 
1975  57452.8 
1976  56412.3 
1977  54953.8 
1978  54865.7 
1979  54194.4 
1980  53117.6 
1981  51646.2 
1982  49617 
1983  46874.9 
1984  44178.5 
1985  42182.8 
1986  40221.8 
1987  38676.2 
1988  37162.5 
1989  35556.5 
1990  34174.9 
1991  33009.4 
1992  32037.5 
1993  31495.6 
1994  31381.8 
1995  31376.1 
1996  31371.8 
1997  31696.2 
1998  32248 
1999  32532.4 
2000  32625.7 
2001  32239.9 
2002  31600.9 
2003  30725.7 
2004  29719.3 
2005  28851.8 
2006  28294.5 
2007  27606.4 
2008  27366.8 
2009  27563.3 
2010  27744.2 
2011  27882.1 
2012  27978 
2013  27973.7 
2014  27788.8 
2015  27651.5 
2016  27375.1 

Output quantities finish here

