CASAL (C++ algorithmic stock assessment laboratory)
Call: C:\PROGRA~2\CASAL\casal.exe -e -q -O Parameters-PointEstimates.txt 
Date: Fri Apr 03 05:49:16 2020
v2.30-2016-05-01 23:58:51 UTC (rev.5470)  (c) Copyright 2002-2012, NIWA
User name: kienzlemj
Machine name: NIWA-1017300 (Microsoft Windows, PID=547132)

Random number seed : 56956

A fish of size 70 cm has a weight of 1.37743 kg in your model. This size-weight scale check assumes that the growth curve is in centimetres, and that the catch is in tonnes.

A fish of size 70 cm has a weight of 1.37743 kg in your model. This size-weight scale check assumes that the growth curve is in centimetres, and that the catch is in tonnes.

Estimation section :

Objective function: Bayes

Observations:

The observations are:
wcsiTANbio
wcsiTRLcpue
Tangaroa_propn_at_age_Aug
wcsiLLNage
wcsiTRLage
Fits follow:

wcsiTANbio :
relative abundances in time step 2 using selectivity wcsiTANsel:
year obs     
2000    1861
2012    2169
2013    2000
2016    1635
objective function: lognormal likelihood, with cv = 
0.264441 
0.248805 
0.271765 
0.236916 

wcsiTRLcpue :
relative abundances in time step 2 using selectivity wcsiTRLsel:
year obs     
1987    0.34
1988     0.7
1989    1.45
1990    1.39
1991    0.77
1992    0.82
1993    0.96
1994    0.74
1995    1.14
1996    1.28
1997    1.24
1998    1.23
1999    1.69
2000    0.96
2001    0.99
2002    1.26
2003    0.67
2004    1.28
2005    0.95
2006    0.71
2007    0.53
2008    0.55
2009    0.42
2010     0.8
2011    1.05
2012    0.97
2013    1.04
2014    0.96
2015    1.06
2016    1.44
2017    1.05
2018     1.3
2019    1.26
objective function: lognormal likelihood, with cv = 
0.406079 
0.404475 
0.406079 
0.404475 
0.406079 
0.407922 
0.407922 
0.404475 
0.406079 
0.403113 
0.404475 
0.403113 
0.401995 
0.401995 
0.401995 
0.401995 
0.403113 
0.401995 
0.401995 
0.401995 
0.404475 
0.404475 
0.404475 
0.404475 
0.403113 
0.401995 
0.401123 
0.401123 
0.401123 
0.401123 
0.401123 
0.401123 
0.401123 

Tangaroa_propn_at_age_Aug :
proportions-at-age in time step 2 using selectivity wcsiTANsel with ageing error (constrained to sum to 1):
obs (last class is a plus group):
class       3       4       5       6       7       8       9      10      11      12      13      14      15      16      17      18      19      20      21      22      23 
2000   0.021  0.0433  0.0476  0.0355  0.0317  0.1025  0.0608  0.2001  0.0944  0.0794  0.1029  0.0283   0.039  0.0194  0.0247  0.0115  0.0196  0.0062  0.0044  0.0125  0.0153 
2012  0.0436  0.0477  0.0431  0.0275    0.05  0.0607  0.0761  0.0962  0.0865  0.0718  0.0601  0.0544  0.0418  0.0372  0.0187   0.045  0.0357  0.0266  0.0226  0.0203  0.0345 
2013  0.0339  0.0728  0.0483  0.0305  0.0435  0.0838  0.1055  0.1294  0.0791  0.0896  0.0721  0.0456  0.0241  0.0224  0.0141  0.0228  0.0225  0.0204  0.0127  0.0107  0.0161 
2016   0.029   0.073  0.0574  0.0297  0.0439  0.0653  0.0712  0.0976  0.0916  0.1253  0.0669  0.0725  0.0442  0.0116  0.0339  0.0129  0.0086  0.0097  0.0118  0.0072  0.0366 
objective function: multinomial likelihood, with delta = 1e-006, N =
85 85 85 85 85 85 85 85 85 85 85 85 85 85 85 85 85 85 85 85 85 
93 93 93 93 93 93 93 93 93 93 93 93 93 93 93 93 93 93 93 93 93 
79 79 79 79 79 79 79 79 79 79 79 79 79 79 79 79 79 79 79 79 79 
69 69 69 69 69 69 69 69 69 69 69 69 69 69 69 69 69 69 69 69 69 

wcsiLLNage :
catch proportions-at-age for fishery wcsiLLN  with ageing error (constrained to sum to 1):
obs (last class is a plus group):
class       5       6       7       8       9      10      11      12      13      14      15      16      17      18      19      20      21      22      23 
2003  0.0001  0.0009  0.0199  0.0321  0.0401  0.0592  0.0915  0.1266  0.1053  0.0871  0.0644  0.0555  0.0633  0.0452  0.0306  0.0216  0.0102   0.008  0.1384 
2006  0.0105  0.0312  0.0667   0.104  0.1134  0.1124  0.1359  0.0919  0.0528  0.0559  0.0603  0.0568  0.0404  0.0247  0.0163  0.0044  0.0088   0.002  0.0115 
2007  0.0106   0.021  0.0519  0.0258  0.0839  0.0618  0.0705  0.0646  0.0583  0.0508  0.0385  0.1286   0.024  0.0994  0.0125  0.0075  0.0457  0.0644  0.0802 
2012  0.0001  0.0001  0.0064  0.0241  0.0395   0.058  0.0735  0.0792  0.0725  0.0775  0.0737  0.0947  0.0562  0.0703  0.0811  0.0502  0.0551  0.0303  0.0574 
2015       0       0  0.0086  0.0401  0.1038  0.1192  0.1617  0.1872   0.134  0.0885  0.0443  0.0301  0.0294  0.0206  0.0097  0.0104  0.0083  0.0002   0.004 
objective function: multinomial likelihood, with delta = 1e-006, N =
4 4 4 4 4 4 4 4 4 4 4 4 4 4 4 4 4 4 4 
7 7 7 7 7 7 7 7 7 7 7 7 7 7 7 7 7 7 7 
7 7 7 7 7 7 7 7 7 7 7 7 7 7 7 7 7 7 7 
10 10 10 10 10 10 10 10 10 10 10 10 10 10 10 10 10 10 10 
7 7 7 7 7 7 7 7 7 7 7 7 7 7 7 7 7 7 7 

wcsiTRLage :
catch proportions-at-age for fishery wcsiTRL  with ageing error (constrained to sum to 1):
obs (last class is a plus group):
class       4       5       6       7       8       9      10      11      12      13      14      15      16      17      18      19      20      21 
1991  0.0018   0.008  0.0119  0.0176   0.052  0.0462  0.0837  0.0768  0.1391  0.1715  0.0676  0.0536   0.085  0.0538  0.0357  0.0127    0.01  0.0731 
1994  0.0076  0.0179  0.0344  0.0669  0.0996  0.1052  0.1101  0.1184  0.0773  0.0835  0.0833  0.0839  0.0248  0.0171  0.0196  0.0142  0.0101  0.0262 
1995  0.0165  0.0626  0.0608  0.1077  0.1484  0.1351  0.0786  0.0843  0.0657  0.0545  0.0556  0.0415  0.0289  0.0214  0.0074  0.0071  0.0044  0.0196 
1996  0.0017  0.0231  0.0821  0.0721  0.1076  0.1444  0.1013  0.0974  0.0867     0.1  0.0594  0.0347  0.0314   0.007  0.0112  0.0076  0.0066  0.0257 
1997  0.0018  0.0122  0.0474  0.0625  0.0717  0.1042  0.1121  0.1083  0.1321  0.1117  0.0713  0.0479  0.0305  0.0207  0.0204  0.0185  0.0102  0.0164 
1998  0.0019  0.0243  0.0334  0.0371  0.0994   0.196  0.1396  0.1263  0.1218   0.068  0.0622  0.0184  0.0113  0.0181  0.0061  0.0173   0.011  0.0077 
1999  0.0136  0.0289  0.0338  0.0461  0.1227  0.1527    0.15  0.1362  0.1007  0.0588  0.0448  0.0215  0.0221  0.0062   0.016  0.0092  0.0033  0.0334 
2000  0.0096  0.0177  0.0281  0.0477   0.147  0.0578  0.2156  0.1008  0.0975  0.1084  0.0326  0.0404  0.0178  0.0184  0.0111  0.0135  0.0084  0.0277 
2001  0.0137   0.054  0.0531  0.0435  0.0694  0.1047  0.1231  0.1361  0.1101  0.0749  0.0807  0.0346  0.0353  0.0133  0.0061  0.0113  0.0056  0.0306 
2002  0.0174  0.0365  0.0573  0.0396  0.1153  0.0949  0.1036   0.131  0.1223  0.0966  0.0649  0.0405  0.0199   0.017  0.0125  0.0073  0.0021  0.0212 
2003  0.0323    0.09  0.0662  0.0601  0.0849  0.0756  0.0954  0.1028  0.1177  0.0902  0.0577  0.0346  0.0249  0.0162  0.0126  0.0175  0.0043  0.0169 
2004  0.0303  0.0543  0.0779  0.0739  0.0933  0.0777  0.0685   0.098  0.1279  0.1006  0.0822  0.0503  0.0254  0.0174  0.0066   0.007   0.003  0.0055 
2005  0.0673  0.0743  0.0542  0.0528  0.0707  0.0774   0.089  0.0888  0.0793   0.073  0.0568   0.072  0.0536   0.038  0.0177   0.014  0.0131  0.0078 
2006  0.0482  0.1154  0.0778  0.0577   0.064  0.0678  0.0855  0.0879  0.0844  0.0657  0.0516   0.045  0.0498  0.0404  0.0182  0.0135  0.0022  0.0251 
2007   0.024   0.054  0.0579  0.1189  0.0652  0.0941  0.0594   0.079  0.0763   0.097  0.0632  0.0443  0.0678  0.0335  0.0164  0.0068  0.0112  0.0309 
2008  0.0383  0.1176  0.0533  0.0874  0.0888  0.0629  0.0689  0.0745  0.0758  0.0931  0.0521  0.0527  0.0438   0.029  0.0346  0.0159  0.0025  0.0087 
2012  0.0209  0.0216  0.0293  0.0554  0.0929  0.1254   0.134  0.1287  0.0827  0.0576  0.0483  0.0409  0.0293  0.0187  0.0286  0.0213  0.0213  0.0431 
2013   0.078  0.0572  0.0341  0.0437  0.1048  0.1368  0.1346  0.0974  0.0962  0.0716   0.041   0.023  0.0149  0.0093   0.011  0.0091  0.0097  0.0275 
2014  0.0336  0.0535  0.0578  0.0617  0.0663  0.1237  0.1543  0.1024  0.1061  0.0685  0.0307  0.0471   0.014  0.0177  0.0133  0.0153       0   0.034 
2015  0.0718  0.1056  0.0436   0.045  0.0611  0.0984  0.0998  0.0788  0.1028  0.0773  0.0549  0.0657   0.031  0.0151  0.0155   0.005  0.0104  0.0182 
objective function: multinomial likelihood, with delta = 1e-006, N =
17 17 17 17 17 17 17 17 17 17 17 17 17 17 17 17 17 17 
20 20 20 20 20 20 20 20 20 20 20 20 20 20 20 20 20 20 
27 27 27 27 27 27 27 27 27 27 27 27 27 27 27 27 27 27 
16 16 16 16 16 16 16 16 16 16 16 16 16 16 16 16 16 16 
39 39 39 39 39 39 39 39 39 39 39 39 39 39 39 39 39 39 
30 30 30 30 30 30 30 30 30 30 30 30 30 30 30 30 30 30 
30 30 30 30 30 30 30 30 30 30 30 30 30 30 30 30 30 30 
23 23 23 23 23 23 23 23 23 23 23 23 23 23 23 23 23 23 
23 23 23 23 23 23 23 23 23 23 23 23 23 23 23 23 23 23 
42 42 42 42 42 42 42 42 42 42 42 42 42 42 42 42 42 42 
35 35 35 35 35 35 35 35 35 35 35 35 35 35 35 35 35 35 
45 45 45 45 45 45 45 45 45 45 45 45 45 45 45 45 45 45 
35 35 35 35 35 35 35 35 35 35 35 35 35 35 35 35 35 35 
19 19 19 19 19 19 19 19 19 19 19 19 19 19 19 19 19 19 
10 10 10 10 10 10 10 10 10 10 10 10 10 10 10 10 10 10 
24 24 24 24 24 24 24 24 24 24 24 24 24 24 24 24 24 24 
33 33 33 33 33 33 33 33 33 33 33 33 33 33 33 33 33 33 
33 33 33 33 33 33 33 33 33 33 33 33 33 33 33 33 33 33 
19 19 19 19 19 19 19 19 19 19 19 19 19 19 19 19 19 19 
23 23 23 23 23 23 23 23 23 23 23 23 23 23 23 23 23 23 


Ageing_error:
  Misclassification matrix:
0.904811 0.0475884 5.83201e-006 0 0 0 0 0 0 0 0 0 0 0 0 0 0 0 0 0 0 0 0 0 0 0 
0.105622 0.788391 0.105622 0.000182198 0 0 0 0 0 0 0 0 0 0 0 0 0 0 0 0 0 0 0 0 0 0 
0.00157333 0.157297 0.682248 0.157297 0.00157333 5.83201e-006 0 0 0 0 0 0 0 0 0 0 0 0 0 0 0 0 0 0 0 0 
5.57713e-005 0.00628237 0.196083 0.595158 0.196083 0.00628237 5.57713e-005 0 0 0 0 0 0 0 0 0 0 0 0 0 0 0 0 0 0 0 
5.83201e-006 0.000298814 0.0156538 0.221513 0.525057 0.221513 0.0156538 0.000298814 5.83201e-006 0 0 0 0 0 0 0 0 0 0 0 0 0 0 0 0 0 
0 3.12269e-005 0.00107309 0.0290638 0.23566 0.468343 0.23566 0.0290638 0.00107309 3.12269e-005 0 0 0 0 0 0 0 0 0 0 0 0 0 0 0 0 
0 5.83201e-006 0.000116599 0.00283592 0.0446359 0.24145 0.421911 0.24145 0.0446359 0.00283592 0.000116599 5.83201e-006 0 0 0 0 0 0 0 0 0 0 0 0 0 0 
0 0 2.21519e-005 0.000352257 0.00596373 0.0603917 0.241575 0.38339 0.241575 0.0603917 0.00596373 0.000352257 2.21519e-005 0 0 0 0 0 0 0 0 0 0 0 0 0 
0 0 5.83201e-006 6.31851e-005 0.000868915 0.0105694 0.0748871 0.238096 0.351018 0.238096 0.0748871 0.0105694 0.000868915 6.31851e-005 5.83201e-006 0 0 0 0 0 0 0 0 0 0 0 
0 0 0 1.76561e-005 0.000164542 0.00181897 0.0164674 0.0873361 0.232449 0.323492 0.232449 0.0873361 0.0164674 0.00181897 0.000164542 1.76561e-005 0 0 0 0 0 0 0 0 0 0 
0 0 0 5.83201e-006 4.07787e-005 0.000371793 0.00333349 0.0232663 0.0974771 0.225587 0.299834 0.225587 0.0974771 0.0232663 0.00333349 0.000371793 4.07787e-005 5.83201e-006 0 0 0 0 0 0 0 0 
0 0 0 0 1.50308e-005 9.43067e-005 0.000744898 0.0054839 0.0305034 0.10538 0.218125 0.279307 0.218125 0.10538 0.0305034 0.0054839 0.000744898 9.43067e-005 1.50308e-005 0 0 0 0 0 0 0 
0 0 0 0 5.83201e-006 2.92093e-005 0.000196478 0.00134764 0.00826393 0.0377512 0.111282 0.210453 0.261341 0.210453 0.111282 0.0377512 0.00826393 0.00134764 0.000196478 2.92093e-005 5.83201e-006 0 0 0 0 0 
0 0 0 0 0 1.33291e-005 6.14503e-005 0.000373715 0.0022358 0.0115952 0.0446758 0.115484 0.202813 0.245497 0.202813 0.115484 0.0446758 0.0115952 0.0022358 0.000373715 6.14503e-005 1.33291e-005 0 0 0 0 
0 0 0 0 0 5.83201e-006 2.23847e-005 0.000119357 0.000656488 0.0034463 0.0153489 0.0510516 0.118285 0.195351 0.231426 0.195351 0.118285 0.0510516 0.0153489 0.0034463 0.000656488 0.000119357 2.23847e-005 5.83201e-006 0 0 
0 0 0 0 0 0 1.21442e-005 4.36272e-005 0.00021593 0.00107579 0.00499065 0.0193728 0.0567512 0.119959 0.188153 0.218851 0.188153 0.119959 0.0567512 0.0193728 0.00499065 0.00107579 0.00021593 4.36272e-005 1.21442e-005 0 
0 0 0 0 0 0 5.83201e-006 1.79732e-005 7.9837e-005 0.000366679 0.00165898 0.00685381 0.0235146 0.0617234 0.120737 0.181266 0.207551 0.181266 0.120737 0.0617234 0.0235146 0.00685381 0.00165898 0.000366679 7.9837e-005 2.38052e-005 
0 0 0 0 0 0 0 1.1275e-005 3.29002e-005 0.000138023 0.00058849 0.00242606 0.00899788 0.027639 0.065971 0.120814 0.17471 0.197342 0.17471 0.120814 0.065971 0.027639 0.00899788 0.00242606 0.00058849 0.000182198 
0 0 0 0 0 0 0 5.83201e-006 1.49262e-005 5.72336e-005 0.000226654 0.000898098 0.00338702 0.0113686 0.0316358 0.0695307 0.120347 0.16849 0.188076 0.16849 0.120347 0.0695307 0.0316358 0.0113686 0.00338702 0.00120274 
0 0 0 0 0 0 0 0 1.0612e-005 2.59326e-005 9.50392e-005 0.000355276 0.0013104 0.00454088 0.0139031 0.0354229 0.0724585 0.119461 0.162601 0.179631 0.162601 0.119461 0.0724585 0.0354229 0.0139031 0.00633814 
0 0 0 0 0 0 0 0 5.83201e-006 1.2714e-005 4.32006e-005 0.000151246 0.000533914 0.00183694 0.00587616 0.0165362 0.0389445 0.0748191 0.118257 0.157033 0.171902 0.157033 0.118257 0.0748191 0.0389445 0.0249962 
0 0 0 0 0 0 0 0 0 1.00903e-005 2.11366e-005 6.92336e-005 0.000231508 0.000772348 0.00248477 0.00737261 0.0192065 0.0421674 0.0766787 0.116814 0.15177 0.164803 0.15177 0.116814 0.0766787 0.0723356 
0 0 0 0 0 0 0 0 0 5.83201e-006 1.10445e-005 3.39213e-005 0.000107061 0.000341957 0.00107935 0.00325586 0.00900357 0.0218593 0.0450767 0.0781016 0.115196 0.146797 0.158262 0.146797 0.115196 0.158876 
0 0 0 0 0 0 0 0 0 0 9.66971e-006 1.76823e-005 5.26864e-005 0.000160186 0.000488886 0.00146198 0.00414705 0.0107386 0.024449 0.047671 0.0791472 0.113453 0.142096 0.152214 0.142096 0.281797 
0 0 0 0 0 0 0 0 0 0 5.83201e-006 9.74506e-006 2.74726e-005 7.93813e-005 0.000232481 0.00067837 0.00192507 0.00515051 0.0125459 0.0269395 0.0499588 0.0798691 0.111622 0.137652 0.146608 0.426696 
0 0 0 0 0 0 0 0 0 0 0 9.32368e-006 1.51024e-005 4.15043e-005 0.000116268 0.00032804 0.000915896 0.00247088 0.00625455 0.0143943 0.0293038 0.0519551 0.080315 0.109736 0.133447 0.570698 

Free parameters:

q[wcsiTAN].q
lognormal with mean 0.07, c.v. 0.7 : bounds from 0.001 to 1
current value: 0.3
lower bound: 0.001
upper bound: 1

q[wcsiTRLcpue].q
uniform-log: bounds from 1e-008 to 0.001
current value: 1e-005
lower bound: 1e-008
upper bound: 0.001

initialization.B0
uniform-log: bounds from 10000 to 500000
current value: 200000
lower bound: 10000
upper bound: 500000

selectivity[wcsiTANsel].mature (parameters)
uniform:
bounds of
0.1 0.1 0.1 
100 200 200 
current values: 8 1 150 
lower bounds: 0.1 0.1 0.1 
upper bounds: 100 200 200 

selectivity[wcsiTANsel].immature (parameters)
uniform:
bounds of
3 1 0.001 
3 1 1 
current values: 3 1 0.1 
lower bounds: 3 1 0.001 
upper bounds: 3 1 1 

selectivity[wcsiTRLsel].all (parameters)
uniform:
bounds of
0 0.1 0.1 
50 200 200 
current values: 10 3 150 
lower bounds: 0 0.1 0.1 
upper bounds: 50 200 200 

selectivity[wcsiLLNsel].all (parameters)
uniform:
bounds of
1 1 
20 200 
current values: 13.34 4.23 
lower bounds: 1 1 
upper bounds: 20 200 

recruitment.YCS
lognormal with means 1 1 1 1 1 1 1 1 1 1 1 1 1 1 1 1 1 1 1 1 1 1 1 1 1 1 1 1 1 1 1 1 1 1 1 1 1 1 1 1 1 1 1 1 1 1 1 1 1 c.v.s 0.7 0.7 0.7 0.7 0.7 0.7 0.7 0.7 0.7 0.7 0.7 0.7 0.7 0.7 0.7 0.7 0.7 0.7 0.7 0.7 0.7 0.7 0.7 0.7 0.7 0.7 0.7 0.7 0.7 0.7 0.7 0.7 0.7 0.7 0.7 0.7 0.7 0.7 0.7 0.7 0.7 0.7 0.7 0.7 0.7 0.7 0.7 0.7 0.7 :
bounds of
1 1 1 1 1 1 0.01 0.01 0.01 0.01 0.01 0.01 0.01 0.01 0.01 0.01 0.01 0.01 0.01 0.01 0.01 0.01 0.01 0.01 0.01 0.01 0.01 0.01 0.01 0.01 0.01 0.01 0.01 0.01 0.01 0.01 0.01 0.01 0.01 0.01 0.01 0.01 0.01 0.01 0.01 0.01 0.01 0.01 0.01 
1 1 1 1 1 1 100 100 100 100 100 100 100 100 100 100 100 100 100 100 100 100 100 100 100 100 100 100 100 100 100 100 100 100 100 100 100 100 100 100 100 100 100 100 100 100 100 100 100 
current values: 1 1 1 1 1 1 1 1 1 1 1.17 1.12 0.62 0.83 0.53 0.7 0.68 0.74 0.76 0.9 0.9 0.92 1.25 0.87 0.8 0.72 0.78 0.67 0.81 0.75 1.02 1.06 1.61 2.46 1.87 1.3 1 1 1 1 1 1 1 1 1 1 1 1 1 
lower bounds: 1 1 1 1 1 1 0.01 0.01 0.01 0.01 0.01 0.01 0.01 0.01 0.01 0.01 0.01 0.01 0.01 0.01 0.01 0.01 0.01 0.01 0.01 0.01 0.01 0.01 0.01 0.01 0.01 0.01 0.01 0.01 0.01 0.01 0.01 0.01 0.01 0.01 0.01 0.01 0.01 0.01 0.01 0.01 0.01 0.01 0.01 
upper bounds: 1 1 1 1 1 1 100 100 100 100 100 100 100 100 100 100 100 100 100 100 100 100 100 100 100 100 100 100 100 100 100 100 100 100 100 100 100 100 100 100 100 100 100 100 100 100 100 100 100 


Q's:
qs are treated as ordinary free parameters
wcsiTAN has current value 0.3
wcsiTRLcpue has current value 1e-005

Penalties:
clp1 :
Catch limit penalty of 10000 x the sum of squares of (log(actual catch) - log(specified catch)) for fishery wcsiTRL to disencourage breaking exploitation rate limits
clp2 :
Catch limit penalty of 10000 x the sum of squares of (log(actual catch) - log(specified catch)) for fishery wcsiLLN to disencourage breaking exploitation rate limits
YCS_average_1 :
Vector average penalty of 6 x square of (mean(recruitment.YCS) - 1) 

Components of the objective function are:
  wcsiTANbio
  wcsiTRLcpue
  Tangaroa_propn_at_age_Aug
  wcsiLLNage
  wcsiTRLage
  prior_on_q[wcsiTAN].q
  prior_on_q[wcsiTRLcpue].q
  prior_on_initialization.B0
  prior_on_selectivity[wcsiTANsel].mature
  prior_on_selectivity[wcsiTANsel].immature
  prior_on_selectivity[wcsiTRLsel].all
  prior_on_selectivity[wcsiLLNsel].all
  prior_on_recruitment.YCS
  clp1
  clp2
  YCS_average_1

Random number seed : 56956


In phase 1 Minimiser achieved convergence after 38 quasi-Newton iterations using 63 objective function evaluations

In phase 2 Minimiser achieved convergence after 20 quasi-Newton iterations using 42 objective function evaluations

The following parameters were estimated at or near a bound:
Parameter        Estimate  lower_bound  upper_bound
q[wcsiTRLcpue].q  3.0412e-005  1e-008  0.001

Start extracting output from here

Point estimate:
q[wcsiTAN].q
current value: 0.0829644
lower bound: 0.001
upper bound: 1

q[wcsiTRLcpue].q
current value: 3.0412e-005
lower bound: 1e-008
upper bound: 0.001

initialization.B0
current value: 68086.8
lower bound: 10000
upper bound: 500000

selectivity[wcsiTANsel].mature (parameters)
current values: 19.2119 7.72142 149.969 
lower bounds: 0.1 0.1 0.1 
upper bounds: 100 200 200 

selectivity[wcsiTANsel].immature (parameters)
current values: 3 1 0.0806666 
lower bounds: 3 1 0.001 
upper bounds: 3 1 1 

selectivity[wcsiTRLsel].all (parameters)
current values: 13.2418 4.38499 148.699 
lower bounds: 0 0.1 0.1 
upper bounds: 50 200 200 

selectivity[wcsiLLNsel].all (parameters)
current values: 12.1974 4.42316 
lower bounds: 1 1 
upper bounds: 20 200 

recruitment.YCS
current values: 1 1 1 1 1 1 0.450376 0.469294 0.491601 0.521021 0.484806 0.530543 0.482591 0.429912 0.409807 0.431423 0.4676 0.505531 0.570362 0.652985 0.677639 0.646247 1.03098 0.60798 0.587973 0.490383 0.481865 0.484379 0.552351 0.424499 0.47919 0.436006 0.552568 0.741159 0.567266 0.79181 0.723415 0.623071 0.427986 0.406467 0.687516 0.854286 0.542791 0.632414 0.780682 0.568679 0.564462 0.562236 0.561393 
lower bounds: 1 1 1 1 1 1 0.01 0.01 0.01 0.01 0.01 0.01 0.01 0.01 0.01 0.01 0.01 0.01 0.01 0.01 0.01 0.01 0.01 0.01 0.01 0.01 0.01 0.01 0.01 0.01 0.01 0.01 0.01 0.01 0.01 0.01 0.01 0.01 0.01 0.01 0.01 0.01 0.01 0.01 0.01 0.01 0.01 0.01 0.01 
upper bounds: 1 1 1 1 1 1 100 100 100 100 100 100 100 100 100 100 100 100 100 100 100 100 100 100 100 100 100 100 100 100 100 100 100 100 100 100 100 100 100 100 100 100 100 100 100 100 100 100 100 


In a format suitable for -i :

q[wcsiTAN].q q[wcsiTRLcpue].q initialization.B0 selectivity[wcsiTANsel].mature 3 selectivity[wcsiTANsel].immature 3 selectivity[wcsiTRLsel].all 3 selectivity[wcsiLLNsel].all 2 recruitment.YCS 49 
0.0829644 3.0412e-005 68086.8 19.2119 7.72142 149.969 3 1 0.0806666 13.2418 4.38499 148.699 12.1974 4.42316 1 1 1 1 1 1 0.450376 0.469294 0.491601 0.521021 0.484806 0.530543 0.482591 0.429912 0.409807 0.431423 0.4676 0.505531 0.570362 0.652985 0.677639 0.646247 1.03098 0.60798 0.587973 0.490383 0.481865 0.484379 0.552351 0.424499 0.47919 0.436006 0.552568 0.741159 0.567266 0.79181 0.723415 0.623071 0.427986 0.406467 0.687516 0.854286 0.542791 0.632414 0.780682 0.568679 0.564462 0.562236 0.561393 

Objective function : 502.12

Components :
                                        wcsiTANbio -5.00147
                                       wcsiTRLcpue -16.5896
                         Tangaroa_propn_at_age_Aug 136.237
                                        wcsiLLNage 47.5647
                                        wcsiTRLage 355.089
                             prior_on_q[wcsiTAN].q -2.31834
                         prior_on_q[wcsiTRLcpue].q -10.4007
                        prior_on_initialization.B0 11.1285
           prior_on_selectivity[wcsiTANsel].mature 0
         prior_on_selectivity[wcsiTANsel].immature 0
              prior_on_selectivity[wcsiTRLsel].all 0
              prior_on_selectivity[wcsiLLNsel].all 0
                          prior_on_recruitment.YCS -14.4561
                                              clp1 0
                                              clp2 0
                                     YCS_average_1 0.865884

Fits : 

The observations are:
wcsiTANbio
wcsiTRLcpue
Tangaroa_propn_at_age_Aug
wcsiLLNage
wcsiTRLage
Fits follow:

wcsiTANbio :
relative (with q = 0.0829644) abundances in time step 2 using selectivity wcsiTANsel:
year obs     fits    resids  Pearson_resids Normalised_resids 
2000    1861 1968.08 -107.079 -0.205747 -0.085189
2012    2169  1849.2 319.804 0.69509 0.773412
2013    2000 1869.93 130.071 0.255954 0.385388
2016    1635 1909.18 -274.181 -0.606174 -0.546567
objective function: lognormal likelihood, with cv = 
0.264441 
0.248805 
0.271765 
0.236916 

wcsiTRLcpue :
relative (with q = 3.0412e-005) abundances in time step 2 using selectivity wcsiTRLsel:
year obs     fits    resids  Pearson_resids Normalised_resids 
1987    0.34 1.25623 -0.91623 -1.79608 -3.14987
1988     0.7 1.19998 -0.499978 -1.03012 -1.19002
1989    1.45 1.14215 0.307846 0.663742 0.806187
1990    1.39 1.09274 0.297261 0.672559 0.812775
1991    0.77 1.05161 -0.281607 -0.659447 -0.602445
1992    0.82 1.01824 -0.198236 -0.477263 -0.355727
1993    0.96 0.999618 -0.0396182 -0.0971591 0.0930876
1994    0.74 0.995546 -0.255546 -0.634623 -0.567448
1995    1.14 0.996167 0.143833 0.355564 0.540554
1996    1.28 0.998161 0.281839 0.700446 0.83494
1997    1.24 1.01138 0.228623 0.558875 0.718188
1998    1.23  1.0324  0.1976 0.474801 0.645336
1999    1.69 1.04571 0.644287 1.53266 1.43378
2000    0.96 1.05316 -0.0931606 -0.220048 -0.04578
2001    0.99 1.04557 -0.0555697 -0.13221 0.0524158
2002    1.26 1.02959 0.230411 0.556698 0.715309
2003    0.67 1.00574 -0.335739 -0.828113 -0.852789
2004    1.28 0.977835 0.302165 0.768703 0.889251
2005    0.95 0.954465 -0.00446524 -0.0116376 0.181403
2006    0.71 0.940954 -0.230954 -0.61057 -0.534133
2007    0.53 0.924361 -0.394361 -1.05478 -1.23433
2008    0.55 0.922728 -0.372728 -0.99868 -1.13462
2009    0.42 0.936053 -0.516053 -1.36302 -1.86423
2010     0.8 0.950743 -0.150743 -0.391996 -0.248867
2011    1.05 0.965731 0.0842686 0.216463 0.409616
2012    0.97 0.980585 -0.0105851 -0.0268528 0.165477
2013    1.04  0.9928 0.0472002 0.118523 0.313378
2014    0.96 0.999025 -0.0390254 -0.0973852 0.0899679
2015    1.06 1.00608 0.0539241 0.133621 0.328301
2016    1.44 1.00821 0.431794  1.0677 1.11601
2017    1.05 1.00519 0.0448096 0.111133 0.306041
2018     1.3  1.0006  0.2994 0.745957 0.870823
2019    1.26 1.00565 0.254355 0.630547 0.77689
objective function: lognormal likelihood, with cv = 
0.406079 
0.404475 
0.406079 
0.404475 
0.406079 
0.407922 
0.407922 
0.404475 
0.406079 
0.403113 
0.404475 
0.403113 
0.401995 
0.401995 
0.401995 
0.401995 
0.403113 
0.401995 
0.401995 
0.401995 
0.404475 
0.404475 
0.404475 
0.404475 
0.403113 
0.401995 
0.401123 
0.401123 
0.401123 
0.401123 
0.401123 
0.401123 
0.401123 

Tangaroa_propn_at_age_Aug :
proportions-at-age in time step 2 using selectivity wcsiTANsel with ageing error (constrained to sum to 1):
obs (last class is a plus group):
class       3       4       5       6       7       8       9      10      11      12      13      14      15      16      17      18      19      20      21      22      23 
2000   0.021  0.0433  0.0476  0.0355  0.0317  0.1025  0.0608  0.2001  0.0944  0.0794  0.1029  0.0283   0.039  0.0194  0.0247  0.0115  0.0196  0.0062  0.0044  0.0125  0.0153 
2012  0.0436  0.0477  0.0431  0.0275    0.05  0.0607  0.0761  0.0962  0.0865  0.0718  0.0601  0.0544  0.0418  0.0372  0.0187   0.045  0.0357  0.0266  0.0226  0.0203  0.0345 
2013  0.0339  0.0728  0.0483  0.0305  0.0435  0.0838  0.1055  0.1294  0.0791  0.0896  0.0721  0.0456  0.0241  0.0224  0.0141  0.0228  0.0225  0.0204  0.0127  0.0107  0.0161 
2016   0.029   0.073  0.0574  0.0297  0.0439  0.0653  0.0712  0.0976  0.0916  0.1253  0.0669  0.0725  0.0442  0.0116  0.0339  0.0129  0.0086  0.0097  0.0118  0.0072  0.0366 
fits (last class is a plus group):
class       3       4       5       6       7       8       9      10      11      12      13      14      15      16      17      18      19      20      21      22      23 
2000 0.00610757 0.0521908 0.0439642 0.0403184 0.0484676 0.0698489 0.0968385 0.113492 0.105394 0.088266 0.0734386 0.059043 0.0456791 0.0347681 0.0264793 0.0203627 0.0158618 0.0124512 0.0097299 0.00750319 0.0297947 
2012 0.00783919 0.0642725 0.0414786 0.0412499 0.0602317 0.0852919 0.100276 0.10018 0.0932212 0.0794637 0.063255 0.0511163 0.0425061 0.0353165 0.0287299 0.0229072 0.0181868 0.0146157 0.0118903 0.00962259 0.0283488 
2013 0.00943538 0.0796567 0.0585151 0.0387494 0.0462309 0.072504 0.0957618 0.102425 0.0948679 0.0828243 0.0680657 0.052872 0.0412513 0.0331212 0.026769 0.0213387 0.01676 0.0131415 0.0104379 0.0084217 0.0268508 
2016 0.00864106 0.073103 0.0571157 0.0521967 0.0660397 0.0696233 0.0666139 0.0731051 0.0847189 0.0885599 0.081339 0.0676952 0.053234 0.0402415 0.029437 0.0212914 0.0156899 0.0118406 0.0090445 0.00695042 0.0235192 
resids (last class is a plus group):
class       3       4       5       6       7       8       9      10      11      12      13      14      15      16      17      18      19      20      21      22      23 
2000 0.0148924 -0.00889084 0.0036358 -0.00481843 -0.0167676 0.0326511 -0.0360385 0.0866081 -0.0109945 -0.00886602 0.0294614 -0.030743 -0.00667909 -0.0153681 -0.00177926 -0.00886268 0.00373821 -0.00625122 -0.0053299 0.00499681 -0.0144947 
2012 0.0357608 -0.0165725 0.00162137 -0.0137499 -0.0102317 -0.0245919 -0.0241756 -0.00398043 -0.00672125 -0.00766371 -0.00315497 0.00328367 -0.000706145 0.00188348 -0.0100299 0.0220928 0.0175132 0.0119843 0.0107097 0.0106774 0.00615125 
2013 0.0244646 -0.00685667 -0.0102151 -0.00824941 -0.00273086 0.011296 0.00973822 0.0269753 -0.0157679 0.00677571 0.00403425 -0.00727203 -0.0171513 -0.0107212 -0.012669 0.0014613 0.00574005 0.00725847 0.00226214 0.0022783 -0.0107508 
2016 0.0203589 -0.00010304 0.000284278 -0.0224967 -0.0221397 -0.0043233 0.00458613 0.0244949 0.00688109 0.0367401 -0.014439 0.00480478 -0.00903399 -0.0286415 0.00446297 -0.00839143 -0.00708995 -0.00214058 0.0027555 0.000249579 0.0130808 
pearson_resids (last class is a plus group):
class       3       4       5       6       7       8       9      10      11      12      13      14      15      16      17      18      19      20      21      22      23 
2000 1.76226 -0.368549 0.163502 -0.225839 -0.719853   1.181 -1.12349 2.51736 -0.330111 -0.288143 1.04127 -1.2025 -0.294931 -0.773436 -0.10217 -0.578528 0.275848 -0.519743 -0.500608 0.533844 -0.785989 
2012 3.91041 -0.651692 0.0784172 -0.666771 -0.41473 -0.84906 -0.776187 -0.12785 -0.222938 -0.27326 -0.124991 0.143785 -0.0337553 0.098406 -0.57903  1.4241  1.2639 0.963036 0.952835 1.05478 0.357423 
2013 2.24921 -0.225082 -0.386827 -0.379914 -0.115591 0.387168 0.294141 0.790756 -0.47827 0.218506 0.14237 -0.288836 -0.766547 -0.532499 -0.697641 0.0898782 0.397432 0.566511 0.197836 0.221596 -0.591135 
2016 1.82718 -0.00328812 0.0101756 -0.84016 -0.740507 -0.141102 0.152777 0.781648 0.205265 1.07419 -0.438766 0.158869 -0.334263 -1.2106 0.219326 -0.482871 -0.473904 -0.164382 0.241772 0.0249541 0.716997 
objective function: multinomial likelihood, with delta = 1e-006, N =
85 85 85 85 85 85 85 85 85 85 85 85 85 85 85 85 85 85 85 85 85 
93 93 93 93 93 93 93 93 93 93 93 93 93 93 93 93 93 93 93 93 93 
79 79 79 79 79 79 79 79 79 79 79 79 79 79 79 79 79 79 79 79 79 
69 69 69 69 69 69 69 69 69 69 69 69 69 69 69 69 69 69 69 69 69 

wcsiLLNage :
catch proportions-at-age for fishery wcsiLLN  with ageing error (constrained to sum to 1):
obs (last class is a plus group):
class       5       6       7       8       9      10      11      12      13      14      15      16      17      18      19      20      21      22      23 
2003  0.0001  0.0009  0.0199  0.0321  0.0401  0.0592  0.0915  0.1266  0.1053  0.0871  0.0644  0.0555  0.0633  0.0452  0.0306  0.0216  0.0102   0.008  0.1384 
2006  0.0105  0.0312  0.0667   0.104  0.1134  0.1124  0.1359  0.0919  0.0528  0.0559  0.0603  0.0568  0.0404  0.0247  0.0163  0.0044  0.0088   0.002  0.0115 
2007  0.0106   0.021  0.0519  0.0258  0.0839  0.0618  0.0705  0.0646  0.0583  0.0508  0.0385  0.1286   0.024  0.0994  0.0125  0.0075  0.0457  0.0644  0.0802 
2012  0.0001  0.0001  0.0064  0.0241  0.0395   0.058  0.0735  0.0792  0.0725  0.0775  0.0737  0.0947  0.0562  0.0703  0.0811  0.0502  0.0551  0.0303  0.0574 
2015       0       0  0.0086  0.0401  0.1038  0.1192  0.1617  0.1872   0.134  0.0885  0.0443  0.0301  0.0294  0.0206  0.0097  0.0104  0.0083  0.0002   0.004 
fits (last class is a plus group):
class       5       6       7       8       9      10      11      12      13      14      15      16      17      18      19      20      21      22      23 
2003 0.00762087 0.0136348 0.0207402 0.0322341 0.0509519 0.0780803 0.108173 0.126764 0.122386 0.104014 0.0834669 0.0641488 0.0472637 0.0341035 0.0246758 0.0181856 0.013741 0.0106308 0.0391855 
2006 0.00915469 0.0129719 0.0207836 0.0329163 0.0496521 0.0658158 0.0809794 0.0951719 0.105737 0.108894 0.101708 0.0847728 0.0642833 0.0462864 0.0328479 0.0232027 0.0163695 0.0116905 0.0367617 
2007 0.0118218 0.0152479 0.021361 0.0327697 0.0489578 0.067824 0.0824477 0.0916857 0.0972381 0.0987414 0.0948518 0.0845804 0.0688609 0.0517033 0.0369535 0.0260042 0.0182969 0.0129257 0.0377282 
2012 0.00885811 0.0189466 0.0337421 0.0505552 0.0684012 0.0867272 0.0948683 0.0942348 0.0908943 0.0843293 0.0742378 0.0619573 0.0498062 0.0397007 0.0321266 0.0263388 0.021409 0.0169189 0.0459475 
2015 0.0130324 0.016431 0.020632 0.0358567 0.0632946 0.0926869 0.112161 0.117263 0.110758 0.0944667 0.0739865 0.0563182 0.0433831 0.0337351 0.0261499 0.0201862 0.0156759 0.0123786 0.0416037 
resids (last class is a plus group):
class       5       6       7       8       9      10      11      12      13      14      15      16      17      18      19      20      21      22      23 
2003 -0.00752087 -0.0127348 -0.000840198 -0.000134064 -0.0108519 -0.0188803 -0.0166726 -0.000163644 -0.0170864 -0.0169137 -0.0190669 -0.00864876 0.0160363 0.0110965 0.00592418 0.00341439 -0.00354098 -0.00263078 0.0992145 
2006 0.00134531 0.0182281 0.0459164 0.0710837 0.0637479 0.0465842 0.0549206 -0.00327185 -0.0529373 -0.0529944 -0.0414078 -0.0279728 -0.0238833 -0.0215864 -0.0165479 -0.0188027 -0.00756954 -0.00969053 -0.0252617 
2007 -0.00122181 0.00575207 0.030539 -0.00696969 0.0349422 -0.00602401 -0.0119477 -0.0270857 -0.0389381 -0.0479414 -0.0563518 0.0440196 -0.0448609 0.0476967 -0.0244535 -0.0185042 0.0274031 0.0514743 0.0424718 
2012 -0.00875811 -0.0188466 -0.0273421 -0.0264552 -0.0289012 -0.0287272 -0.0213683 -0.0150348 -0.0183943 -0.00682927 -0.000537807 0.0327427 0.00639382 0.0305993 0.0489734 0.0238612 0.033691 0.0133811 0.0114525 
2015 -0.0130324 -0.016431 -0.012032 0.00424334 0.0405054 0.0265131 0.0495388 0.0699369 0.0232418 -0.00596673 -0.0296865 -0.0262182 -0.0139831 -0.0131351 -0.0164499 -0.00978618 -0.00737585 -0.0121786 -0.0376037 
pearson_resids (last class is a plus group):
class       5       6       7       8       9      10      11      12      13      14      15      16      17      18      19      20      21      22      23 
2003 -0.172965 -0.219623 -0.0117911 -0.00151809 -0.0986985 -0.140742 -0.107358 -0.000983707 -0.104271 -0.110808 -0.137873 -0.070597 0.151141 0.122279 0.0763744 0.0511052 -0.0608344 -0.0513042 1.02264 
2006 0.037372 0.426209 0.851564  1.0541 0.776435 0.497056 0.532641 -0.0294989 -0.455474 -0.450103 -0.362448 -0.2657 -0.257645 -0.271828 -0.245635 -0.330444 -0.157828 -0.238525 -0.355179 
2007 -0.0299084 0.124195 0.558833 -0.103576 0.428439 -0.0633861 -0.114929 -0.248325 -0.347711 -0.425192 -0.508831 0.418553 -0.46873 0.569909 -0.342956 -0.307623 0.540965 1.20569 0.58975 
2012 -0.295578 -0.437141 -0.478849 -0.38185 -0.362051 -0.322787 -0.230597 -0.162737 -0.202353 -0.0777169 -0.00648731 0.429494 0.0929422 0.495575 0.87825 0.471184 0.736062 0.328104 0.172975 
2015 -0.304025 -0.341963 -0.223946 0.0603811 0.440125 0.241892 0.415343 0.575121 0.195939 -0.0539751 -0.300071 -0.300895 -0.181603 -0.192484 -0.272729 -0.184104 -0.1571 -0.291417 -0.498243 
objective function: multinomial likelihood, with delta = 1e-006, N =
4 4 4 4 4 4 4 4 4 4 4 4 4 4 4 4 4 4 4 
7 7 7 7 7 7 7 7 7 7 7 7 7 7 7 7 7 7 7 
7 7 7 7 7 7 7 7 7 7 7 7 7 7 7 7 7 7 7 
10 10 10 10 10 10 10 10 10 10 10 10 10 10 10 10 10 10 10 
7 7 7 7 7 7 7 7 7 7 7 7 7 7 7 7 7 7 7 

wcsiTRLage :
catch proportions-at-age for fishery wcsiTRL  with ageing error (constrained to sum to 1):
obs (last class is a plus group):
class       4       5       6       7       8       9      10      11      12      13      14      15      16      17      18      19      20      21 
1991  0.0018   0.008  0.0119  0.0176   0.052  0.0462  0.0837  0.0768  0.1391  0.1715  0.0676  0.0536   0.085  0.0538  0.0357  0.0127    0.01  0.0731 
1994  0.0076  0.0179  0.0344  0.0669  0.0996  0.1052  0.1101  0.1184  0.0773  0.0835  0.0833  0.0839  0.0248  0.0171  0.0196  0.0142  0.0101  0.0262 
1995  0.0165  0.0626  0.0608  0.1077  0.1484  0.1351  0.0786  0.0843  0.0657  0.0545  0.0556  0.0415  0.0289  0.0214  0.0074  0.0071  0.0044  0.0196 
1996  0.0017  0.0231  0.0821  0.0721  0.1076  0.1444  0.1013  0.0974  0.0867     0.1  0.0594  0.0347  0.0314   0.007  0.0112  0.0076  0.0066  0.0257 
1997  0.0018  0.0122  0.0474  0.0625  0.0717  0.1042  0.1121  0.1083  0.1321  0.1117  0.0713  0.0479  0.0305  0.0207  0.0204  0.0185  0.0102  0.0164 
1998  0.0019  0.0243  0.0334  0.0371  0.0994   0.196  0.1396  0.1263  0.1218   0.068  0.0622  0.0184  0.0113  0.0181  0.0061  0.0173   0.011  0.0077 
1999  0.0136  0.0289  0.0338  0.0461  0.1227  0.1527    0.15  0.1362  0.1007  0.0588  0.0448  0.0215  0.0221  0.0062   0.016  0.0092  0.0033  0.0334 
2000  0.0096  0.0177  0.0281  0.0477   0.147  0.0578  0.2156  0.1008  0.0975  0.1084  0.0326  0.0404  0.0178  0.0184  0.0111  0.0135  0.0084  0.0277 
2001  0.0137   0.054  0.0531  0.0435  0.0694  0.1047  0.1231  0.1361  0.1101  0.0749  0.0807  0.0346  0.0353  0.0133  0.0061  0.0113  0.0056  0.0306 
2002  0.0174  0.0365  0.0573  0.0396  0.1153  0.0949  0.1036   0.131  0.1223  0.0966  0.0649  0.0405  0.0199   0.017  0.0125  0.0073  0.0021  0.0212 
2003  0.0323    0.09  0.0662  0.0601  0.0849  0.0756  0.0954  0.1028  0.1177  0.0902  0.0577  0.0346  0.0249  0.0162  0.0126  0.0175  0.0043  0.0169 
2004  0.0303  0.0543  0.0779  0.0739  0.0933  0.0777  0.0685   0.098  0.1279  0.1006  0.0822  0.0503  0.0254  0.0174  0.0066   0.007   0.003  0.0055 
2005  0.0673  0.0743  0.0542  0.0528  0.0707  0.0774   0.089  0.0888  0.0793   0.073  0.0568   0.072  0.0536   0.038  0.0177   0.014  0.0131  0.0078 
2006  0.0482  0.1154  0.0778  0.0577   0.064  0.0678  0.0855  0.0879  0.0844  0.0657  0.0516   0.045  0.0498  0.0404  0.0182  0.0135  0.0022  0.0251 
2007   0.024   0.054  0.0579  0.1189  0.0652  0.0941  0.0594   0.079  0.0763   0.097  0.0632  0.0443  0.0678  0.0335  0.0164  0.0068  0.0112  0.0309 
2008  0.0383  0.1176  0.0533  0.0874  0.0888  0.0629  0.0689  0.0745  0.0758  0.0931  0.0521  0.0527  0.0438   0.029  0.0346  0.0159  0.0025  0.0087 
2012  0.0209  0.0216  0.0293  0.0554  0.0929  0.1254   0.134  0.1287  0.0827  0.0576  0.0483  0.0409  0.0293  0.0187  0.0286  0.0213  0.0213  0.0431 
2013   0.078  0.0572  0.0341  0.0437  0.1048  0.1368  0.1346  0.0974  0.0962  0.0716   0.041   0.023  0.0149  0.0093   0.011  0.0091  0.0097  0.0275 
2014  0.0336  0.0535  0.0578  0.0617  0.0663  0.1237  0.1543  0.1024  0.1061  0.0685  0.0307  0.0471   0.014  0.0177  0.0133  0.0153       0   0.034 
2015  0.0718  0.1056  0.0436   0.045  0.0611  0.0984  0.0998  0.0788  0.1028  0.0773  0.0549  0.0657   0.031  0.0151  0.0155   0.005  0.0104  0.0182 
fits (last class is a plus group):
class       4       5       6       7       8       9      10      11      12      13      14      15      16      17      18      19      20      21 
1991 0.030669 0.0429811 0.0555007 0.068011 0.0784135 0.0871999 0.0944415 0.0960647 0.0872609 0.0691204 0.0492113 0.0347269 0.0271161 0.0240303 0.0226707 0.0211761 0.0189073 0.0924987 
1994 0.0426723 0.0494829 0.0695086 0.0867385 0.0948669 0.0959848 0.0917799 0.0832477 0.072768 0.0623671 0.0522073 0.0417589 0.0313501 0.0223275 0.0158998 0.0121664 0.0103396 0.0645338 
1995 0.0308344 0.0619749 0.0697554 0.0879426 0.101381 0.102861 0.096312 0.0852821 0.0719719 0.0589798 0.048016 0.0389032 0.0306839 0.0230445 0.0165573 0.0118837 0.00908072 0.0545355 
1996 0.0252254 0.0484975 0.083453 0.0913413 0.103343 0.109778 0.103222 0.089425 0.0734216 0.0580241 0.0452003 0.035557 0.0282452 0.0221027 0.0166332 0.0120571 0.00873112 0.0457423 
1997 0.0211474 0.0392445 0.0685507 0.104705 0.110073 0.112399 0.109952 0.0960821 0.0774253 0.0595046 0.0447195 0.0337319 0.0260235 0.020428 0.0159051 0.0120022 0.00878144 0.0393238 
1998 0.0195482 0.0333627 0.0557072 0.0889575 0.122053 0.122314 0.11373 0.102479 0.0837099 0.0634404 0.0464009 0.0337913 0.0250591 0.0191257 0.0148922 0.0115549 0.00875121 0.0351222 
1999 0.0194236 0.0311236 0.048127 0.0737082 0.106798 0.132838 0.126308 0.107913 0.0896616 0.0690281 0.0499645 0.0354213 0.0253588 0.0186325 0.0141143 0.0109198 0.00845422 0.0322052 
2000 0.0217221 0.0314844 0.0453144 0.0645431 0.0902076 0.118383 0.134441 0.121103 0.0962041 0.074277 0.0546809 0.0385662 0.02696 0.0191607 0.0140066 0.0105545 0.00812991 0.0302616 
2001 0.019024 0.0347484 0.0466908 0.0617415 0.0805207 0.102441 0.122013 0.127344 0.108926 0.0817647 0.0595733 0.0425888 0.0297111 0.0206698 0.0146352 0.0106584 0.00800074 0.0289479 
2002 0.0202875 0.031919 0.0508554 0.0641667 0.0776395 0.092486 0.107125 0.116381 0.112606 0.0922635 0.0669419 0.0471053 0.0331501 0.0230757 0.0160485 0.011346 0.00824565 0.0283567 
2003 0.020232 0.0333966 0.0482709 0.069106 0.0813709 0.0900534 0.097956 0.103547 0.103381 0.0938127 0.0745922 0.0534685 0.0370996 0.0258918 0.0180231 0.0125489 0.0088712 0.0283781 
2004 0.0245934 0.0339316 0.0494062 0.0663694 0.0857374 0.0939988 0.0954914 0.0951482 0.0924989 0.0860483 0.0744903 0.0583104  0.0419 0.0290529 0.020195 0.0140647 0.00981357 0.0289494 
2005 0.0331708 0.0405062 0.0503357 0.0665812 0.0824232 0.0965023 0.0983604 0.092103 0.0845058 0.0765028 0.0675799 0.0568605 0.0442788 0.0320461 0.0223105 0.0154813 0.0107891 0.0296623 
2006 0.0291057 0.0512045 0.0587278 0.0674475 0.0811319 0.0924628 0.0989016 0.0940831 0.0821596 0.0704871 0.0606736 0.0519746 0.0431325 0.0336193 0.0245452 0.0172053 0.0119491 0.0311889 
2007 0.0352233 0.0477179 0.0716422 0.0782635 0.0824821 0.0901393 0.0942643 0.0923701 0.0820654 0.0674885 0.05495 0.0456928 0.0383845 0.0315744 0.0246446 0.018134 0.0128094 0.0321537 
2008 0.0344101 0.0540044 0.0683623 0.0911915 0.0943977 0.0914354 0.0910347 0.0875547 0.0792582 0.0663814 0.0523553 0.0412757 0.0336099 0.0278745 0.0227816 0.0178101 0.0132026 0.0330599 
2012 0.0261762 0.0294594 0.0481439 0.0814952 0.111509 0.124317 0.119654 0.107724 0.0874959 0.0643397 0.0469408 0.0353395 0.0270488 0.0206751 0.0157595 0.0121333 0.00957221 0.0322171 
2013 0.0339277 0.0410082 0.0433433 0.063525 0.0965923 0.121275 0.125354 0.112258 0.0932929 0.0715182 0.0506245 0.0356134 0.02615 0.0197831 0.0150665 0.0114869 0.00884734 0.0303339 
2014 0.0261121 0.052081 0.0589264 0.0595117 0.0777394 0.106282 0.122698 0.117971 0.0987409 0.076567 0.055961 0.0387652 0.026788 0.0193557 0.0145061 0.0110138 0.00840046 0.028581 
2015 0.025961 0.0425966 0.0722637 0.0779971 0.0744079 0.0867833 0.107065 0.114347 0.103199 0.081811 0.0603966 0.0428105 0.0294229 0.0202284 0.0144693 0.0107601 0.00815 0.0273307 
resids (last class is a plus group):
class       4       5       6       7       8       9      10      11      12      13      14      15      16      17      18      19      20      21 
1991 -0.028869 -0.0349811 -0.0436007 -0.050411 -0.0264135 -0.0409999 -0.0107415 -0.0192647 0.0518391 0.10238 0.0183887 0.0188731 0.0578839 0.0297697 0.0130293 -0.00847615 -0.00890732 -0.0193987 
1994 -0.0350723 -0.0315829 -0.0351086 -0.0198385 0.00473312 0.00921523 0.0183201 0.0351523 0.00453201 0.0211329 0.0310927 0.0421411 -0.00655007 -0.00522746 0.00370016 0.0020336 -0.000239592 -0.0383338 
1995 -0.0143344 0.000625102 -0.0089554 0.0197574 0.0470188 0.0322391 -0.017712 -0.000982051 -0.00627192 -0.0044798 0.00758402 0.00259684 -0.00178388 -0.00164454 -0.00915729 -0.00478368 -0.00468072 -0.0349355 
1996 -0.0235254 -0.0253975 -0.00135301 -0.0192413 0.00425666 0.0346224 -0.00192204 0.00797495 0.0132784 0.0419759 0.0141997 -0.000856971 0.00315477 -0.0151027 -0.00543324 -0.00445711 -0.00213112 -0.0200423 
1997 -0.0193474 -0.0270445 -0.0211507 -0.0422053 -0.0383734 -0.00819945 0.00214803 0.0122179 0.0546747 0.0521954 0.0265805 0.0141681 0.00447654 0.000271993 0.00449491 0.00649781 0.00141856 -0.0229238 
1998 -0.0176482 -0.00906267 -0.0223072 -0.0518575 -0.0226526 0.0736858 0.0258696 0.0238207 0.0380901 0.00455963 0.0157991 -0.0153913 -0.0137591 -0.00102573 -0.00879217 0.00574511 0.00224879 -0.0274222 
1999 -0.0058236 -0.00222363 -0.014327 -0.0276082 0.0159019 0.0198616 0.0236921 0.0282871 0.0110384 -0.0102281 -0.0051645 -0.0139213 -0.00325881 -0.0124325 0.00188567 -0.00171976 -0.00515422 0.00119481 
2000 -0.0121221 -0.0137844 -0.0172144 -0.0168431 0.0567924 -0.0605834 0.0811594 -0.020303 0.00129586 0.034123 -0.0220809 0.0018338 -0.00916003 -0.000760675 -0.00290659 0.00294555 0.000270089 -0.00256163 
2001 -0.00532399 0.0192516 0.00640917 -0.0182415 -0.0111207 0.00225888 0.00108692 0.00875557 0.00117389 -0.0068647 0.0211267 -0.00798879 0.00558887 -0.00736975 -0.00853519 0.000641598 -0.00240074 0.00165207 
2002 -0.00288751 0.00458095 0.00644463 -0.0245667 0.0376605 0.00241398 -0.00352526 0.0146185 0.00969414 0.0043365 -0.00204193 -0.00660527 -0.0132501 -0.00607569 -0.00354846 -0.00404602 -0.00614565 -0.00715665 
2003 0.012068 0.0566034 0.0179291 -0.00900604 0.00352911 -0.0144534 -0.00255604 -0.000747217 0.0143194 -0.00361267 -0.0168922 -0.0188685 -0.0121996 -0.0096918 -0.00542313 0.00495106 -0.0045712 -0.0114781 
2004 0.00570657 0.0203684 0.0284938 0.00753062 0.00756261 -0.0162988 -0.0269914 0.00285185 0.0354011 0.0145517 0.0077097 -0.00801038 -0.0165 -0.0116529 -0.013595 -0.00706475 -0.00681357 -0.0234494 
2005 0.0341292 0.0337938 0.0038643 -0.0137812 -0.0117232 -0.0191023 -0.00936038 -0.00330298 -0.00520576 -0.00350278 -0.0107799 0.0151395 0.00932122 0.00595389 -0.00461052 -0.00148133 0.00231086 -0.0218623 
2006 0.0190943 0.0641955 0.0190722 -0.00974753 -0.0171319 -0.0246628 -0.0134016 -0.00618309 0.00224039 -0.0047871 -0.0090736 -0.00697461 0.00666753 0.00678075 -0.00634516 -0.00370532 -0.00974913 -0.00608894 
2007 -0.0112233 0.00628211 -0.0137422 0.0406365 -0.0172821 0.00396075 -0.0348643 -0.0133701 -0.00576542 0.0295115 0.00824999 -0.00139282 0.0294155 0.00192562 -0.00824456 -0.011334 -0.00160943 -0.00125371 
2008 0.00388993 0.0635956 -0.0150623 -0.00379149 -0.00559774 -0.0285354 -0.0221347 -0.0130547 -0.00345818 0.0267186 -0.000255314 0.0114243 0.0101901 0.00112546 0.0118184 -0.00191006 -0.0107026 -0.0243599 
2012 -0.00527619 -0.00785941 -0.0188439 -0.0260952 -0.018609 0.00108313 0.0143464 0.0209759 -0.00479593 -0.00673968 0.00135923 0.00556047 0.0022512 -0.00197508 0.0128405 0.00916668 0.0117278 0.0108829 
2013 0.0440723 0.0161918 -0.00924327 -0.019825 0.00820772 0.015525 0.00924605 -0.0148577 0.00290708 8.17757e-005 -0.00962453 -0.0126134 -0.01125 -0.0104831 -0.00406654 -0.00238693 0.000852658 -0.00283393 
2014 0.00748792 0.00141899 -0.00112644 0.00218827 -0.0114394 0.0174182 0.0316023 -0.0155706 0.00735914 -0.00806702 -0.025261 0.00833485 -0.012788 -0.00165573 -0.00120615 0.0042862 -0.00840046 0.00541904 
2015 0.045839 0.0630034 -0.0286637 -0.0329971 -0.0133079 0.0116167 -0.00726508 -0.0355469 -0.000398798 -0.00451101 -0.0054966 0.0228895 0.00157711 -0.00512845 0.00103068 -0.00576008 0.00225 -0.00913069 
pearson_resids (last class is a plus group):
class       4       5       6       7       8       9      10      11      12      13      14      15      16      17      18      19      20      21 
1991 -0.690352 -0.711147 -0.785177 -0.825571 -0.405123 -0.599186 -0.151443 -0.269548 0.757354 1.66413 0.350511 0.425021  1.4694 0.801496 0.360905 -0.242743 -0.269651 -0.276061 
1994 -0.776026 -0.651268 -0.61738 -0.315225 0.0722352 0.139905 0.283775 0.569059 0.0780263 0.390823 0.625102 0.942125 -0.168096 -0.15823 0.132288 0.0829581 -0.0105923 -0.697732 
1995 -0.430869 0.0134715 -0.182675 0.362494 0.809444 0.551454 -0.311961 -0.0182702 -0.126102 -0.0988073 0.184321 0.0697832 -0.0537475 -0.0569516 -0.372889 -0.229385 -0.256398 -0.799442 
1996 -0.600103 -0.472919 -0.0195687 -0.267154 0.0559338 0.443007 -0.0252693 0.111789 0.203635 0.718184 0.273408 -0.0185108 0.0761689 -0.410909 -0.169931 -0.163353 -0.0916298 -0.383721 
1997 -0.839783 -0.869791 -0.522723 -0.86086 -0.765675 -0.162116 0.042881 0.258907 1.27755 1.37788 0.803123 0.49009 0.175598 0.0120077 0.224371 0.372641 0.0949541 -0.736551 
1998 -0.698223 -0.276411 -0.532718 -0.997727 -0.379028 1.23179 0.446302 0.430203 0.753299 0.102457 0.411384 -0.46655 -0.482147 -0.0410184 -0.39759 0.294442 0.132247 -0.815898 
1999 -0.231125 -0.0701364 -0.366634 -0.578718 0.282003 0.320525 0.390634 0.499355 0.211623 -0.22099 -0.129834 -0.412514 -0.113536 -0.50358 0.0875556 -0.0906371 -0.30834 0.0370684 
2000 -0.398804 -0.378573 -0.396925 -0.328737 0.950739 -0.899357 1.14101 -0.298454 0.0210761 0.624085 -0.465773 0.0456722 -0.271228 -0.0266108 -0.118616 0.138234 0.0144245 -0.0717144 
2001 -0.186905 0.504132 0.145691 -0.363475 -0.196006 0.0357264 0.0159262 0.125961 0.0180704 -0.120151 0.428063 -0.189735 0.157862 -0.248419 -0.340863 0.0299645 -0.129238 0.0472565 
2002 -0.132735 0.168888 0.190102 -0.649707 0.912052 0.0539999 -0.0738711 0.29543 0.198745 0.0971111 -0.0529496 -0.20205 -0.479648 -0.262248 -0.183004 -0.247576 -0.440431 -0.279418 
2003 0.507092 1.86381 0.494871 -0.210068 0.076365 -0.298708 -0.0508711 -0.0145093 0.27825 -0.0733032 -0.380371 -0.496199 -0.381859 -0.361039 -0.241167 0.263131 -0.288409 -0.408945 
2004 0.247161 0.754668 0.881999 0.202939  0.1812 -0.37466 -0.616089 0.0651994 0.819654 0.348087 0.196972 -0.229315 -0.55243 -0.465424 -0.648326 -0.402451 -0.46367 -0.938205 
2005 1.12748 1.01412 0.104564 -0.327045 -0.252194 -0.382725 -0.185952 -0.0675748 -0.110725 -0.0779634 -0.254058 0.386768 0.268067 0.199995 -0.184684 -0.0709855 0.132333 -0.762371 
2006 0.495116 1.26953 0.353588 -0.169415 -0.273501 -0.37111 -0.19568 -0.0923172 0.0355622 -0.0815205 -0.165672 -0.136959 0.143059 0.163978 -0.178745 -0.124205 -0.391097 -0.152686 
2007 -0.192527 0.0931927 -0.168505 0.478446 -0.19866 0.0437353 -0.377317 -0.146021 -0.0664271 0.372005 0.114483 -0.0210925 0.484169 0.0348233 -0.168161 -0.268603 -0.0452593 -0.022474 
2008 0.104546 1.37839 -0.292392 -0.0645212 -0.0937927 -0.485014 -0.376965 -0.226271 -0.0627138 0.52579 -0.00561535 0.281345 0.276998 0.0334943 0.388039 -0.0707493 -0.459357 -0.667468 
2012 -0.189838 -0.26701 -0.505674 -0.547911 -0.339623 0.0188582 0.253928 0.388662 -0.0975032 -0.157797 0.0369159 0.173002 0.0797169 -0.079736 0.592266 0.480983 0.69192 0.354055 
2013 1.39843 0.469039 -0.260762 -0.466928 0.159612 0.273197 0.160409 -0.270369 0.0574192 0.001823 -0.252195 -0.390981 -0.404974 -0.432452 -0.191766 -0.128678 0.0523065 -0.0949229 
2014 0.204674 0.0278375 -0.0208505 0.0403181 -0.186223 0.246348 0.419858 -0.210404 0.10753 -0.132241 -0.479059 0.188208 -0.345229 -0.0523849 -0.0439719 0.179013 -0.401199 0.141761 
2015 1.38245 1.49621 -0.530913 -0.590113 -0.243195 0.197899 -0.112686 -0.5357 -0.00628683 -0.0789343 -0.110657 0.542282 0.0447577 -0.174705 0.0413931 -0.267753 0.120018 -0.268571 
objective function: multinomial likelihood, with delta = 1e-006, N =
17 17 17 17 17 17 17 17 17 17 17 17 17 17 17 17 17 17 
20 20 20 20 20 20 20 20 20 20 20 20 20 20 20 20 20 20 
27 27 27 27 27 27 27 27 27 27 27 27 27 27 27 27 27 27 
16 16 16 16 16 16 16 16 16 16 16 16 16 16 16 16 16 16 
39 39 39 39 39 39 39 39 39 39 39 39 39 39 39 39 39 39 
30 30 30 30 30 30 30 30 30 30 30 30 30 30 30 30 30 30 
30 30 30 30 30 30 30 30 30 30 30 30 30 30 30 30 30 30 
23 23 23 23 23 23 23 23 23 23 23 23 23 23 23 23 23 23 
23 23 23 23 23 23 23 23 23 23 23 23 23 23 23 23 23 23 
42 42 42 42 42 42 42 42 42 42 42 42 42 42 42 42 42 42 
35 35 35 35 35 35 35 35 35 35 35 35 35 35 35 35 35 35 
45 45 45 45 45 45 45 45 45 45 45 45 45 45 45 45 45 45 
35 35 35 35 35 35 35 35 35 35 35 35 35 35 35 35 35 35 
19 19 19 19 19 19 19 19 19 19 19 19 19 19 19 19 19 19 
10 10 10 10 10 10 10 10 10 10 10 10 10 10 10 10 10 10 
24 24 24 24 24 24 24 24 24 24 24 24 24 24 24 24 24 24 
33 33 33 33 33 33 33 33 33 33 33 33 33 33 33 33 33 33 
33 33 33 33 33 33 33 33 33 33 33 33 33 33 33 33 33 33 
19 19 19 19 19 19 19 19 19 19 19 19 19 19 19 19 19 19 
23 23 23 23 23 23 23 23 23 23 23 23 23 23 23 23 23 23 

Output quantities start here

* Scalar parameter values
q[wcsiTAN].q 0.0829644
q[wcsiTRLcpue].q 3.0412e-005
initialization.B0 68086.8

* Vector parameter values
recruitment.YCS 1 1 1 1 1 1 0.450376 0.469294 0.491601 0.521021 0.484806 0.530543 0.482591 0.429912 0.409807 0.431423 0.4676 0.505531 0.570362 0.652985 0.677639 0.646247 1.03098 0.60798 0.587973 0.490383 0.481865 0.484379 0.552351 0.424499 0.47919 0.436006 0.552568 0.741159 0.567266 0.79181 0.723415 0.623071 0.427986 0.406467 0.687516 0.854286 0.542791 0.632414 0.780682 0.568679 0.564462 0.562236 0.561393 

* Ogive parameter values
selectivity[wcsiTANsel].mature 0.0470927 0.0678605 0.0955392 0.131416 0.176611 0.231893 0.297481 0.372848 0.45657 0.546241 0.638504 0.729195 0.813629 0.886973 0.944705 0.983069 0.999478 0.999981 0.999901 0.99976 0.999558 0.999294 0.998968 0.998581 0.998132 0.997623 
selectivity[wcsiTANsel].immature 0.0403333 0.0766333 0.0804438 0.0806548 0.080666 0.0806666 0.0806666 0.0806666 0.0806666 0.0806666 0.0806666 0.0806666 0.0806666 0.0806666 0.0806666 0.0806666 0.0806666 0.0806666 0.0806666 0.0806666 0.0806666 0.0806666 0.0806666 0.0806666 0.0806666 0.0806666 
selectivity[wcsiTRLsel].all 0.0227937 0.046009 0.0864091 0.150996 0.245505 0.3714 0.522774 0.684658 0.8343 0.945931 0.997895 0.999982 0.999903 0.999762 0.999557 0.999291 0.998961 0.998569 0.998115 0.997598 0.997019 0.996378 0.995675 0.99491 0.994084 0.993195 
selectivity[wcsiLLNsel].all 0.00218801 0.00424869 0.00823412 0.0158983 0.0304771 0.0576415 0.106362 0.188044 0.31065 0.467198 0.630483 0.76852 0.865955 0.92631 0.960722 0.979422 0.989317 0.994481 0.997156 0.998537 0.999247 0.999613 0.999801 0.999898 0.999947 0.999973 
maturation[1].rates_all 0 0.01 0.056 0.23 0.48 0.67 0.83 0.93 0.97 1 1 1 1 1 1 1 1 1 1 1 1 1 1 1 1 1 

* Ogive arguments
maturation[1].rates_all 0 0.01 0.056 0.23 0.48 0.67 0.83 0.93 0.97 1 
selectivity[wcsiTANsel].immature 3 1 0.0806666 
selectivity[wcsiTANsel].mature 19.2119 7.72142 149.969 
selectivity[wcsiTRLsel].all 13.2418 4.38499 148.699 
selectivity[wcsiLLNsel].all 12.1974 4.42316 

* B0
68086.8

* R0
4.37248e+006

* SSBs
SSB 68086.8 67891.4 67633.8 66954.3 65897 64419.9 64394.3 63815.9 62832.1 61149 58252 54258.5 50426 47801.7 45839.9 44610 43204.7 41312.9 39423.9 37803.1 36624.5 36149.3 36296 36722.2 37178.1 38191.8 39601.5 40247.6 40049.9 39033.1 37835.4 36739.8 35761.7 34877.8 34258.3 33558.4 33707.4 34660 35711.3 36772.7 37592.5 37760.8 37217.5 36770.7 36893.6 37439.1 37769.7 38231.7 38446.9 
year 1972 1973 1974 1975 1976 1977 1978 1979 1980 1981 1982 1983 1984 1985 1986 1987 1988 1989 1990 1991 1992 1993 1994 1995 1996 1997 1998 1999 2000 2001 2002 2003 2004 2005 2006 2007 2008 2009 2010 2011 2012 2013 2014 2015 2016 2017 2018 2019 2020 

* YCS
YCS 1 1 1 1 1 1 0.450376 0.469294 0.491601 0.521021 0.840157 0.919418 0.836319 0.745026 0.710185 0.747645 0.81034 0.876074 0.988423 1.13161 1.17433 1.11993 1.78665 1.05361 1.01894 0.849821 0.835061 0.839417 0.957211 0.735646 0.830425 0.755588 0.957587 1.28441 0.983058 1.37219 1.25366 1.07977 0.741689 0.704397 1.19145 1.48046 0.940644 1.09596 1.3529 0.568679 0.564462 0.562236 0.561393 
year 1968 1969 1970 1971 1972 1973 1974 1975 1976 1977 1978 1979 1980 1981 1982 1983 1984 1985 1986 1987 1988 1989 1990 1991 1992 1993 1994 1995 1996 1997 1998 1999 2000 2001 2002 2003 2004 2005 2006 2007 2008 2009 2010 2011 2012 2013 2014 2015 2016 

* true_YCS
true_YCS 1 1 1 1 1 0.999863 0.450232 0.468917 0.490825 0.519613 0.837869 0.916497 0.833002 0.741023 0.704521 0.73868 0.797047 0.858721 0.966097 1.10394 1.14299 1.0864 1.72687 1.0149 0.978898 0.815512 0.801626 0.806611 0.920759 0.709211 0.802923 0.731494 0.926695 1.24044 0.947002 1.31861 1.20193 1.03293 0.708379 0.671496 1.13626 1.41545 0.901716 1.05325 1.30259 0.547732 0.543015 0.540323 0.539665 
year 1968 1969 1970 1971 1972 1973 1974 1975 1976 1977 1978 1979 1980 1981 1982 1983 1984 1985 1986 1987 1988 1989 1990 1991 1992 1993 1994 1995 1996 1997 1998 1999 2000 2001 2002 2003 2004 2005 2006 2007 2008 2009 2010 2011 2012 2013 2014 2015 2016 

* actual_catches
wcsiTRL 0 284 192 265 259 253 175 772 912 1059 1400 1646 1463 1360 1453 1305 2303 2394 2419 2353 1668 1709 1213 1927 2012 1985 2141 2510 2605 2675 2644 2313 2348 1780 2114 1601 1175 1312 1636 2096 2098 2205 1658 1823 1823 2056 2092 1835 1835 
wcsiLLN 0 66 53 529 963 1523 188 515 515 646 829 1123 942 355 486 437 469 452 437 396 676 760 918 1136 1227 1222 1158 1250 1070 1134 951 943 949 995 803 1143 1289 1216 1292 1223 1174 1203 1390 1351 1351 1371 1395 1223 1223 
year 1972 1973 1974 1975 1976 1977 1978 1979 1980 1981 1982 1983 1984 1985 1986 1987 1988 1989 1990 1991 1992 1993 1994 1995 1996 1997 1998 1999 2000 2001 2002 2003 2004 2005 2006 2007 2008 2009 2010 2011 2012 2013 2014 2015 2016 2017 2018 2019 2020 

* fishing_pressures
wcsiTRL 0 0.00450457 0.00305936 0.00426565 0.00424031 0.00424361 0.00294163 0.0130707 0.015723 0.0187385 0.0256922 0.0318755 0.0301261 0.0294602 0.0331302 0.0311667 0.0569346 0.0620518 0.0654433 0.0661347 0.0487979 0.0508961 0.0365056 0.05747 0.0598469 0.05832 0.0615406 0.0709379 0.0730056 0.0753936 0.0756329 0.0679463 0.0708544 0.0554062 0.0664386 0.0515591 0.0381309 0.0419145 0.0512718 0.0643291 0.0634306 0.0657637 0.0494634 0.0538957 0.0537859 0.0606781 0.0620015 0.0542819 0.0539936 
wcsiLLN 0 0.00147346 0.00118982 0.0119204 0.0219921 0.0355053 0.00451657 0.0123884 0.0126002 0.0161075 0.02118 0.0297298 0.0262146 0.0103655 0.0147639 0.0140078 0.0158929 0.0166359 0.0174367 0.0169864 0.0307673 0.0360457 0.0452375 0.0572463 0.0644644 0.0664588 0.0640552 0.0692306 0.059264 0.0619357 0.0513288 0.0502134 0.0500225 0.0528366 0.042916 0.0622169 0.0716334 0.0684364 0.0733734 0.0704434 0.0685333 0.0700885 0.0802408 0.0761395 0.0745106 0.0744131 0.0757303 0.0670061 0.0667337 
year 1972 1973 1974 1975 1976 1977 1978 1979 1980 1981 1982 1983 1984 1985 1986 1987 1988 1989 1990 1991 1992 1993 1994 1995 1996 1997 1998 1999 2000 2001 2002 2003 2004 2005 2006 2007 2008 2009 2010 2011 2012 2013 2014 2015 2016 2017 2018 2019 2020 

* wcsiTANbio.fits
2000  1968.08 
2012  1849.2 
2013  1869.93 
2016  1909.18 

* wcsiTRLcpue.fits
1987  1.25623 
1988  1.19998 
1989  1.14215 
1990  1.09274 
1991  1.05161 
1992  1.01824 
1993  0.999618 
1994  0.995546 
1995  0.996167 
1996  0.998161 
1997  1.01138 
1998  1.0324 
1999  1.04571 
2000  1.05316 
2001  1.04557 
2002  1.02959 
2003  1.00574 
2004  0.977835 
2005  0.954465 
2006  0.940954 
2007  0.924361 
2008  0.922728 
2009  0.936053 
2010  0.950743 
2011  0.965731 
2012  0.980585 
2013  0.9928 
2014  0.999025 
2015  1.00608 
2016  1.00821 
2017  1.00519 
2018  1.0006 
2019  1.00565 

* Tangaroa_propn_at_age_Aug.fits
2000  0.00610757 0.0521908 0.0439642 0.0403184 0.0484676 0.0698489 0.0968385 0.113492 0.105394 0.088266 0.0734386 0.059043 0.0456791 0.0347681 0.0264793 0.0203627 0.0158618 0.0124512 0.0097299 0.00750319 0.0297947 
2012  0.00783919 0.0642725 0.0414786 0.0412499 0.0602317 0.0852919 0.100276 0.10018 0.0932212 0.0794637 0.063255 0.0511163 0.0425061 0.0353165 0.0287299 0.0229072 0.0181868 0.0146157 0.0118903 0.00962259 0.0283488 
2013  0.00943538 0.0796567 0.0585151 0.0387494 0.0462309 0.072504 0.0957618 0.102425 0.0948679 0.0828243 0.0680657 0.052872 0.0412513 0.0331212 0.026769 0.0213387 0.01676 0.0131415 0.0104379 0.0084217 0.0268508 
2016  0.00864106 0.073103 0.0571157 0.0521967 0.0660397 0.0696233 0.0666139 0.0731051 0.0847189 0.0885599 0.081339 0.0676952 0.053234 0.0402415 0.029437 0.0212914 0.0156899 0.0118406 0.0090445 0.00695042 0.0235192 

* wcsiLLNage.fits
2003  0.00762087 0.0136348 0.0207402 0.0322341 0.0509519 0.0780803 0.108173 0.126764 0.122386 0.104014 0.0834669 0.0641488 0.0472637 0.0341035 0.0246758 0.0181856 0.013741 0.0106308 0.0391855 
2006  0.00915469 0.0129719 0.0207836 0.0329163 0.0496521 0.0658158 0.0809794 0.0951719 0.105737 0.108894 0.101708 0.0847728 0.0642833 0.0462864 0.0328479 0.0232027 0.0163695 0.0116905 0.0367617 
2007  0.0118218 0.0152479 0.021361 0.0327697 0.0489578 0.067824 0.0824477 0.0916857 0.0972381 0.0987414 0.0948518 0.0845804 0.0688609 0.0517033 0.0369535 0.0260042 0.0182969 0.0129257 0.0377282 
2012  0.00885811 0.0189466 0.0337421 0.0505552 0.0684012 0.0867272 0.0948683 0.0942348 0.0908943 0.0843293 0.0742378 0.0619573 0.0498062 0.0397007 0.0321266 0.0263388 0.021409 0.0169189 0.0459475 
2015  0.0130324 0.016431 0.020632 0.0358567 0.0632946 0.0926869 0.112161 0.117263 0.110758 0.0944667 0.0739865 0.0563182 0.0433831 0.0337351 0.0261499 0.0201862 0.0156759 0.0123786 0.0416037 

* wcsiTRLage.fits
1991  0.030669 0.0429811 0.0555007 0.068011 0.0784135 0.0871999 0.0944415 0.0960647 0.0872609 0.0691204 0.0492113 0.0347269 0.0271161 0.0240303 0.0226707 0.0211761 0.0189073 0.0924987 
1994  0.0426723 0.0494829 0.0695086 0.0867385 0.0948669 0.0959848 0.0917799 0.0832477 0.072768 0.0623671 0.0522073 0.0417589 0.0313501 0.0223275 0.0158998 0.0121664 0.0103396 0.0645338 
1995  0.0308344 0.0619749 0.0697554 0.0879426 0.101381 0.102861 0.096312 0.0852821 0.0719719 0.0589798 0.048016 0.0389032 0.0306839 0.0230445 0.0165573 0.0118837 0.00908072 0.0545355 
1996  0.0252254 0.0484975 0.083453 0.0913413 0.103343 0.109778 0.103222 0.089425 0.0734216 0.0580241 0.0452003 0.035557 0.0282452 0.0221027 0.0166332 0.0120571 0.00873112 0.0457423 
1997  0.0211474 0.0392445 0.0685507 0.104705 0.110073 0.112399 0.109952 0.0960821 0.0774253 0.0595046 0.0447195 0.0337319 0.0260235 0.020428 0.0159051 0.0120022 0.00878144 0.0393238 
1998  0.0195482 0.0333627 0.0557072 0.0889575 0.122053 0.122314 0.11373 0.102479 0.0837099 0.0634404 0.0464009 0.0337913 0.0250591 0.0191257 0.0148922 0.0115549 0.00875121 0.0351222 
1999  0.0194236 0.0311236 0.048127 0.0737082 0.106798 0.132838 0.126308 0.107913 0.0896616 0.0690281 0.0499645 0.0354213 0.0253588 0.0186325 0.0141143 0.0109198 0.00845422 0.0322052 
2000  0.0217221 0.0314844 0.0453144 0.0645431 0.0902076 0.118383 0.134441 0.121103 0.0962041 0.074277 0.0546809 0.0385662 0.02696 0.0191607 0.0140066 0.0105545 0.00812991 0.0302616 
2001  0.019024 0.0347484 0.0466908 0.0617415 0.0805207 0.102441 0.122013 0.127344 0.108926 0.0817647 0.0595733 0.0425888 0.0297111 0.0206698 0.0146352 0.0106584 0.00800074 0.0289479 
2002  0.0202875 0.031919 0.0508554 0.0641667 0.0776395 0.092486 0.107125 0.116381 0.112606 0.0922635 0.0669419 0.0471053 0.0331501 0.0230757 0.0160485 0.011346 0.00824565 0.0283567 
2003  0.020232 0.0333966 0.0482709 0.069106 0.0813709 0.0900534 0.097956 0.103547 0.103381 0.0938127 0.0745922 0.0534685 0.0370996 0.0258918 0.0180231 0.0125489 0.0088712 0.0283781 
2004  0.0245934 0.0339316 0.0494062 0.0663694 0.0857374 0.0939988 0.0954914 0.0951482 0.0924989 0.0860483 0.0744903 0.0583104 0.0419 0.0290529 0.020195 0.0140647 0.00981357 0.0289494 
2005  0.0331708 0.0405062 0.0503357 0.0665812 0.0824232 0.0965023 0.0983604 0.092103 0.0845058 0.0765028 0.0675799 0.0568605 0.0442788 0.0320461 0.0223105 0.0154813 0.0107891 0.0296623 
2006  0.0291057 0.0512045 0.0587278 0.0674475 0.0811319 0.0924628 0.0989016 0.0940831 0.0821596 0.0704871 0.0606736 0.0519746 0.0431325 0.0336193 0.0245452 0.0172053 0.0119491 0.0311889 
2007  0.0352233 0.0477179 0.0716422 0.0782635 0.0824821 0.0901393 0.0942643 0.0923701 0.0820654 0.0674885 0.05495 0.0456928 0.0383845 0.0315744 0.0246446 0.018134 0.0128094 0.0321537 
2008  0.0344101 0.0540044 0.0683623 0.0911915 0.0943977 0.0914354 0.0910347 0.0875547 0.0792582 0.0663814 0.0523553 0.0412757 0.0336099 0.0278745 0.0227816 0.0178101 0.0132026 0.0330599 
2012  0.0261762 0.0294594 0.0481439 0.0814952 0.111509 0.124317 0.119654 0.107724 0.0874959 0.0643397 0.0469408 0.0353395 0.0270488 0.0206751 0.0157595 0.0121333 0.00957221 0.0322171 
2013  0.0339277 0.0410082 0.0433433 0.063525 0.0965923 0.121275 0.125354 0.112258 0.0932929 0.0715182 0.0506245 0.0356134 0.02615 0.0197831 0.0150665 0.0114869 0.00884734 0.0303339 
2014  0.0261121 0.052081 0.0589264 0.0595117 0.0777394 0.106282 0.122698 0.117971 0.0987409 0.076567 0.055961 0.0387652 0.026788 0.0193557 0.0145061 0.0110138 0.00840046 0.028581 
2015  0.025961 0.0425966 0.0722637 0.0779971 0.0744079 0.0867833 0.107065 0.114347 0.103199 0.081811 0.0603966 0.0428105 0.0294229 0.0202284 0.0144693 0.0107601 0.00815 0.0273307 

* wcsiTANbio.pearson_resids
2000  -0.205747 
2012  0.69509 
2013  0.255954 
2016  -0.606174 

* wcsiTRLcpue.pearson_resids
1987  -1.79608 
1988  -1.03012 
1989  0.663742 
1990  0.672559 
1991  -0.659447 
1992  -0.477263 
1993  -0.0971591 
1994  -0.634623 
1995  0.355564 
1996  0.700446 
1997  0.558875 
1998  0.474801 
1999  1.53266 
2000  -0.220048 
2001  -0.13221 
2002  0.556698 
2003  -0.828113 
2004  0.768703 
2005  -0.0116376 
2006  -0.61057 
2007  -1.05478 
2008  -0.99868 
2009  -1.36302 
2010  -0.391996 
2011  0.216463 
2012  -0.0268528 
2013  0.118523 
2014  -0.0973852 
2015  0.133621 
2016  1.0677 
2017  0.111133 
2018  0.745957 
2019  0.630547 

* Tangaroa_propn_at_age_Aug.pearson_resids
2000  1.76226 -0.368549 0.163502 -0.225839 -0.719853 1.181 -1.12349 2.51736 -0.330111 -0.288143 1.04127 -1.2025 -0.294931 -0.773436 -0.10217 -0.578528 0.275848 -0.519743 -0.500608 0.533844 -0.785989 
2012  3.91041 -0.651692 0.0784172 -0.666771 -0.41473 -0.84906 -0.776187 -0.12785 -0.222938 -0.27326 -0.124991 0.143785 -0.0337553 0.098406 -0.57903 1.4241 1.2639 0.963036 0.952835 1.05478 0.357423 
2013  2.24921 -0.225082 -0.386827 -0.379914 -0.115591 0.387168 0.294141 0.790756 -0.47827 0.218506 0.14237 -0.288836 -0.766547 -0.532499 -0.697641 0.0898782 0.397432 0.566511 0.197836 0.221596 -0.591135 
2016  1.82718 -0.00328812 0.0101756 -0.84016 -0.740507 -0.141102 0.152777 0.781648 0.205265 1.07419 -0.438766 0.158869 -0.334263 -1.2106 0.219326 -0.482871 -0.473904 -0.164382 0.241772 0.0249541 0.716997 

* wcsiLLNage.pearson_resids
2003  -0.172965 -0.219623 -0.0117911 -0.00151809 -0.0986985 -0.140742 -0.107358 -0.000983707 -0.104271 -0.110808 -0.137873 -0.070597 0.151141 0.122279 0.0763744 0.0511052 -0.0608344 -0.0513042 1.02264 
2006  0.037372 0.426209 0.851564 1.0541 0.776435 0.497056 0.532641 -0.0294989 -0.455474 -0.450103 -0.362448 -0.2657 -0.257645 -0.271828 -0.245635 -0.330444 -0.157828 -0.238525 -0.355179 
2007  -0.0299084 0.124195 0.558833 -0.103576 0.428439 -0.0633861 -0.114929 -0.248325 -0.347711 -0.425192 -0.508831 0.418553 -0.46873 0.569909 -0.342956 -0.307623 0.540965 1.20569 0.58975 
2012  -0.295578 -0.437141 -0.478849 -0.38185 -0.362051 -0.322787 -0.230597 -0.162737 -0.202353 -0.0777169 -0.00648731 0.429494 0.0929422 0.495575 0.87825 0.471184 0.736062 0.328104 0.172975 
2015  -0.304025 -0.341963 -0.223946 0.0603811 0.440125 0.241892 0.415343 0.575121 0.195939 -0.0539751 -0.300071 -0.300895 -0.181603 -0.192484 -0.272729 -0.184104 -0.1571 -0.291417 -0.498243 

* wcsiTRLage.pearson_resids
1991  -0.690352 -0.711147 -0.785177 -0.825571 -0.405123 -0.599186 -0.151443 -0.269548 0.757354 1.66413 0.350511 0.425021 1.4694 0.801496 0.360905 -0.242743 -0.269651 -0.276061 
1994  -0.776026 -0.651268 -0.61738 -0.315225 0.0722352 0.139905 0.283775 0.569059 0.0780263 0.390823 0.625102 0.942125 -0.168096 -0.15823 0.132288 0.0829581 -0.0105923 -0.697732 
1995  -0.430869 0.0134715 -0.182675 0.362494 0.809444 0.551454 -0.311961 -0.0182702 -0.126102 -0.0988073 0.184321 0.0697832 -0.0537475 -0.0569516 -0.372889 -0.229385 -0.256398 -0.799442 
1996  -0.600103 -0.472919 -0.0195687 -0.267154 0.0559338 0.443007 -0.0252693 0.111789 0.203635 0.718184 0.273408 -0.0185108 0.0761689 -0.410909 -0.169931 -0.163353 -0.0916298 -0.383721 
1997  -0.839783 -0.869791 -0.522723 -0.86086 -0.765675 -0.162116 0.042881 0.258907 1.27755 1.37788 0.803123 0.49009 0.175598 0.0120077 0.224371 0.372641 0.0949541 -0.736551 
1998  -0.698223 -0.276411 -0.532718 -0.997727 -0.379028 1.23179 0.446302 0.430203 0.753299 0.102457 0.411384 -0.46655 -0.482147 -0.0410184 -0.39759 0.294442 0.132247 -0.815898 
1999  -0.231125 -0.0701364 -0.366634 -0.578718 0.282003 0.320525 0.390634 0.499355 0.211623 -0.22099 -0.129834 -0.412514 -0.113536 -0.50358 0.0875556 -0.0906371 -0.30834 0.0370684 
2000  -0.398804 -0.378573 -0.396925 -0.328737 0.950739 -0.899357 1.14101 -0.298454 0.0210761 0.624085 -0.465773 0.0456722 -0.271228 -0.0266108 -0.118616 0.138234 0.0144245 -0.0717144 
2001  -0.186905 0.504132 0.145691 -0.363475 -0.196006 0.0357264 0.0159262 0.125961 0.0180704 -0.120151 0.428063 -0.189735 0.157862 -0.248419 -0.340863 0.0299645 -0.129238 0.0472565 
2002  -0.132735 0.168888 0.190102 -0.649707 0.912052 0.0539999 -0.0738711 0.29543 0.198745 0.0971111 -0.0529496 -0.20205 -0.479648 -0.262248 -0.183004 -0.247576 -0.440431 -0.279418 
2003  0.507092 1.86381 0.494871 -0.210068 0.076365 -0.298708 -0.0508711 -0.0145093 0.27825 -0.0733032 -0.380371 -0.496199 -0.381859 -0.361039 -0.241167 0.263131 -0.288409 -0.408945 
2004  0.247161 0.754668 0.881999 0.202939 0.1812 -0.37466 -0.616089 0.0651994 0.819654 0.348087 0.196972 -0.229315 -0.55243 -0.465424 -0.648326 -0.402451 -0.46367 -0.938205 
2005  1.12748 1.01412 0.104564 -0.327045 -0.252194 -0.382725 -0.185952 -0.0675748 -0.110725 -0.0779634 -0.254058 0.386768 0.268067 0.199995 -0.184684 -0.0709855 0.132333 -0.762371 
2006  0.495116 1.26953 0.353588 -0.169415 -0.273501 -0.37111 -0.19568 -0.0923172 0.0355622 -0.0815205 -0.165672 -0.136959 0.143059 0.163978 -0.178745 -0.124205 -0.391097 -0.152686 
2007  -0.192527 0.0931927 -0.168505 0.478446 -0.19866 0.0437353 -0.377317 -0.146021 -0.0664271 0.372005 0.114483 -0.0210925 0.484169 0.0348233 -0.168161 -0.268603 -0.0452593 -0.022474 
2008  0.104546 1.37839 -0.292392 -0.0645212 -0.0937927 -0.485014 -0.376965 -0.226271 -0.0627138 0.52579 -0.00561535 0.281345 0.276998 0.0334943 0.388039 -0.0707493 -0.459357 -0.667468 
2012  -0.189838 -0.26701 -0.505674 -0.547911 -0.339623 0.0188582 0.253928 0.388662 -0.0975032 -0.157797 0.0369159 0.173002 0.0797169 -0.079736 0.592266 0.480983 0.69192 0.354055 
2013  1.39843 0.469039 -0.260762 -0.466928 0.159612 0.273197 0.160409 -0.270369 0.0574192 0.001823 -0.252195 -0.390981 -0.404974 -0.432452 -0.191766 -0.128678 0.0523065 -0.0949229 
2014  0.204674 0.0278375 -0.0208505 0.0403181 -0.186223 0.246348 0.419858 -0.210404 0.10753 -0.132241 -0.479059 0.188208 -0.345229 -0.0523849 -0.0439719 0.179013 -0.401199 0.141761 
2015  1.38245 1.49621 -0.530913 -0.590113 -0.243195 0.197899 -0.112686 -0.5357 -0.00628683 -0.0789343 -0.110657 0.542282 0.0447577 -0.174705 0.0413931 -0.267753 0.120018 -0.268571 

* wcsiTANbio.normalised_resids
2000  -0.085189 
2012  0.773412 
2013  0.385388 
2016  -0.546567 

* wcsiTRLcpue.normalised_resids
1987  -3.14987 
1988  -1.19002 
1989  0.806187 
1990  0.812775 
1991  -0.602445 
1992  -0.355727 
1993  0.0930876 
1994  -0.567448 
1995  0.540554 
1996  0.83494 
1997  0.718188 
1998  0.645336 
1999  1.43378 
2000  -0.04578 
2001  0.0524158 
2002  0.715309 
2003  -0.852789 
2004  0.889251 
2005  0.181403 
2006  -0.534133 
2007  -1.23433 
2008  -1.13462 
2009  -1.86423 
2010  -0.248867 
2011  0.409616 
2012  0.165477 
2013  0.313378 
2014  0.0899679 
2015  0.328301 
2016  1.11601 
2017  0.306041 
2018  0.870823 
2019  0.77689 

* TRL
1972  63123.4 
1973  62936.1 
1974  62687.9 
1975  62021.5 
1976  60980.4 
1977  59521.6 
1978  59427.6 
1979  58736.2 
1980  57613.8 
1981  56056 
1982  53875.7 
1983  50907 
1984  47911.3 
1985  45560.9 
1986  43218.9 
1987  41307.1 
1988  39457.4 
1989  37556 
1990  35931.2 
1991  34578.7 
1992  33481.4 
1993  32869.2 
1994  32735.3 
1995  32755.7 
1996  32821.3 
1997  33255.9 
1998  33947.2 
1999  34384.9 
2000  34629.8 
2001  34380.2 
2002  33854.7 
2003  33070.5 
2004  32152.9 
2005  31384.5 
2006  30940.2 
2007  30394.7 
2008  30340.9 
2009  30779.1 
2010  31262.1 
2011  31755 
2012  32243.4 
2013  32645 
2014  32849.7 
2015  33081.6 
2016  33151.6 

Output quantities finish here

