CASAL (C++ algorithmic stock assessment laboratory)
Call: C:\PROGRA~2\CASAL\casal.exe -e -q -O Parameters-PointEstimates.txt 
Date: Fri Apr 03 05:49:19 2020
v2.30-2016-05-01 23:58:51 UTC (rev.5470)  (c) Copyright 2002-2012, NIWA
User name: kienzlemj
Machine name: NIWA-1017300 (Microsoft Windows, PID=518340)

Random number seed : 56959

A fish of size 70 cm has a weight of 1.37743 kg in your model. This size-weight scale check assumes that the growth curve is in centimetres, and that the catch is in tonnes.

A fish of size 70 cm has a weight of 1.37743 kg in your model. This size-weight scale check assumes that the growth curve is in centimetres, and that the catch is in tonnes.

Estimation section :

Objective function: Bayes

Observations:

The observations are:
wcsiTANbio
wcsiTRLcpue
Tangaroa_propn_at_age_Aug
wcsiLLNage
wcsiTRLage
Fits follow:

wcsiTANbio :
relative abundances in time step 2 using selectivity wcsiTANsel:
year obs     
2000    1861
2012    2169
2013    2000
2016    1635
2018    1682
objective function: lognormal likelihood, with cv = 
0.264441 
0.248805 
0.271765 
0.236916 
0.271089 

wcsiTRLcpue :
relative abundances in time step 2 using selectivity wcsiTRLsel:
year obs     
1987    0.34
1988     0.7
1989    1.45
1990    1.39
1991    0.77
1992    0.82
1993    0.96
1994    0.74
1995    1.14
1996    1.28
1997    1.24
1998    1.23
1999    1.69
2000    0.96
2001    0.99
2002    1.26
2003    0.67
2004    1.28
2005    0.95
2006    0.71
2007    0.53
2008    0.55
2009    0.42
2010     0.8
2011    1.05
2012    0.97
2013    1.04
2014    0.96
2015    1.06
2016    1.44
2017    1.05
2018     1.3
2019    1.26
objective function: lognormal likelihood, with cv = 
0.406079 
0.404475 
0.406079 
0.404475 
0.406079 
0.407922 
0.407922 
0.404475 
0.406079 
0.403113 
0.404475 
0.403113 
0.401995 
0.401995 
0.401995 
0.401995 
0.403113 
0.401995 
0.401995 
0.401995 
0.404475 
0.404475 
0.404475 
0.404475 
0.403113 
0.401995 
0.401123 
0.401123 
0.401123 
0.401123 
0.401123 
0.401123 
0.401123 

Tangaroa_propn_at_age_Aug :
proportions-at-age in time step 2 using selectivity wcsiTANsel with ageing error (constrained to sum to 1):
obs (last class is a plus group):
class       3       4       5       6       7       8       9      10      11      12      13      14      15      16      17      18      19      20      21      22      23 
2000   0.021  0.0433  0.0476  0.0355  0.0317  0.1025  0.0608  0.2001  0.0944  0.0794  0.1029  0.0283   0.039  0.0194  0.0247  0.0115  0.0196  0.0062  0.0044  0.0125  0.0153 
2012  0.0436  0.0477  0.0431  0.0275    0.05  0.0607  0.0761  0.0962  0.0865  0.0718  0.0601  0.0544  0.0418  0.0372  0.0187   0.045  0.0357  0.0266  0.0226  0.0203  0.0345 
2013  0.0339  0.0728  0.0483  0.0305  0.0435  0.0838  0.1055  0.1294  0.0791  0.0896  0.0721  0.0456  0.0241  0.0224  0.0141  0.0228  0.0225  0.0204  0.0127  0.0107  0.0161 
2016   0.029   0.073  0.0574  0.0297  0.0439  0.0653  0.0712  0.0976  0.0916  0.1253  0.0669  0.0725  0.0442  0.0116  0.0339  0.0129  0.0086  0.0097  0.0118  0.0072  0.0366 
objective function: multinomial likelihood, with delta = 1e-006, N =
85 85 85 85 85 85 85 85 85 85 85 85 85 85 85 85 85 85 85 85 85 
93 93 93 93 93 93 93 93 93 93 93 93 93 93 93 93 93 93 93 93 93 
79 79 79 79 79 79 79 79 79 79 79 79 79 79 79 79 79 79 79 79 79 
69 69 69 69 69 69 69 69 69 69 69 69 69 69 69 69 69 69 69 69 69 

wcsiLLNage :
catch proportions-at-age for fishery wcsiLLN  with ageing error (constrained to sum to 1):
obs (last class is a plus group):
class       5       6       7       8       9      10      11      12      13      14      15      16      17      18      19      20      21      22      23 
2003  0.0001  0.0009  0.0199  0.0321  0.0401  0.0592  0.0915  0.1266  0.1053  0.0871  0.0644  0.0555  0.0633  0.0452  0.0306  0.0216  0.0102   0.008  0.1384 
2006  0.0105  0.0312  0.0667   0.104  0.1134  0.1124  0.1359  0.0919  0.0528  0.0559  0.0603  0.0568  0.0404  0.0247  0.0163  0.0044  0.0088   0.002  0.0115 
2007  0.0106   0.021  0.0519  0.0258  0.0839  0.0618  0.0705  0.0646  0.0583  0.0508  0.0385  0.1286   0.024  0.0994  0.0125  0.0075  0.0457  0.0644  0.0802 
2012  0.0001  0.0001  0.0064  0.0241  0.0395   0.058  0.0735  0.0792  0.0725  0.0775  0.0737  0.0947  0.0562  0.0703  0.0811  0.0502  0.0551  0.0303  0.0574 
2015       0       0  0.0086  0.0401  0.1038  0.1192  0.1617  0.1872   0.134  0.0885  0.0443  0.0301  0.0294  0.0206  0.0097  0.0104  0.0083  0.0002   0.004 
objective function: multinomial likelihood, with delta = 1e-006, N =
4 4 4 4 4 4 4 4 4 4 4 4 4 4 4 4 4 4 4 
7 7 7 7 7 7 7 7 7 7 7 7 7 7 7 7 7 7 7 
7 7 7 7 7 7 7 7 7 7 7 7 7 7 7 7 7 7 7 
10 10 10 10 10 10 10 10 10 10 10 10 10 10 10 10 10 10 10 
7 7 7 7 7 7 7 7 7 7 7 7 7 7 7 7 7 7 7 

wcsiTRLage :
catch proportions-at-age for fishery wcsiTRL  with ageing error (constrained to sum to 1):
obs (last class is a plus group):
class       4       5       6       7       8       9      10      11      12      13      14      15      16      17      18      19      20      21 
1991  0.0018   0.008  0.0119  0.0176   0.052  0.0462  0.0837  0.0768  0.1391  0.1715  0.0676  0.0536   0.085  0.0538  0.0357  0.0127    0.01  0.0731 
1994  0.0076  0.0179  0.0344  0.0669  0.0996  0.1052  0.1101  0.1184  0.0773  0.0835  0.0833  0.0839  0.0248  0.0171  0.0196  0.0142  0.0101  0.0262 
1995  0.0165  0.0626  0.0608  0.1077  0.1484  0.1351  0.0786  0.0843  0.0657  0.0545  0.0556  0.0415  0.0289  0.0214  0.0074  0.0071  0.0044  0.0196 
1996  0.0017  0.0231  0.0821  0.0721  0.1076  0.1444  0.1013  0.0974  0.0867     0.1  0.0594  0.0347  0.0314   0.007  0.0112  0.0076  0.0066  0.0257 
1997  0.0018  0.0122  0.0474  0.0625  0.0717  0.1042  0.1121  0.1083  0.1321  0.1117  0.0713  0.0479  0.0305  0.0207  0.0204  0.0185  0.0102  0.0164 
1998  0.0019  0.0243  0.0334  0.0371  0.0994   0.196  0.1396  0.1263  0.1218   0.068  0.0622  0.0184  0.0113  0.0181  0.0061  0.0173   0.011  0.0077 
1999  0.0136  0.0289  0.0338  0.0461  0.1227  0.1527    0.15  0.1362  0.1007  0.0588  0.0448  0.0215  0.0221  0.0062   0.016  0.0092  0.0033  0.0334 
2000  0.0096  0.0177  0.0281  0.0477   0.147  0.0578  0.2156  0.1008  0.0975  0.1084  0.0326  0.0404  0.0178  0.0184  0.0111  0.0135  0.0084  0.0277 
2001  0.0137   0.054  0.0531  0.0435  0.0694  0.1047  0.1231  0.1361  0.1101  0.0749  0.0807  0.0346  0.0353  0.0133  0.0061  0.0113  0.0056  0.0306 
2002  0.0174  0.0365  0.0573  0.0396  0.1153  0.0949  0.1036   0.131  0.1223  0.0966  0.0649  0.0405  0.0199   0.017  0.0125  0.0073  0.0021  0.0212 
2003  0.0323    0.09  0.0662  0.0601  0.0849  0.0756  0.0954  0.1028  0.1177  0.0902  0.0577  0.0346  0.0249  0.0162  0.0126  0.0175  0.0043  0.0169 
2004  0.0303  0.0543  0.0779  0.0739  0.0933  0.0777  0.0685   0.098  0.1279  0.1006  0.0822  0.0503  0.0254  0.0174  0.0066   0.007   0.003  0.0055 
2005  0.0673  0.0743  0.0542  0.0528  0.0707  0.0774   0.089  0.0888  0.0793   0.073  0.0568   0.072  0.0536   0.038  0.0177   0.014  0.0131  0.0078 
2006  0.0482  0.1154  0.0778  0.0577   0.064  0.0678  0.0855  0.0879  0.0844  0.0657  0.0516   0.045  0.0498  0.0404  0.0182  0.0135  0.0022  0.0251 
2007   0.024   0.054  0.0579  0.1189  0.0652  0.0941  0.0594   0.079  0.0763   0.097  0.0632  0.0443  0.0678  0.0335  0.0164  0.0068  0.0112  0.0309 
2008  0.0383  0.1176  0.0533  0.0874  0.0888  0.0629  0.0689  0.0745  0.0758  0.0931  0.0521  0.0527  0.0438   0.029  0.0346  0.0159  0.0025  0.0087 
2012  0.0209  0.0216  0.0293  0.0554  0.0929  0.1254   0.134  0.1287  0.0827  0.0576  0.0483  0.0409  0.0293  0.0187  0.0286  0.0213  0.0213  0.0431 
2013   0.078  0.0572  0.0341  0.0437  0.1048  0.1368  0.1346  0.0974  0.0962  0.0716   0.041   0.023  0.0149  0.0093   0.011  0.0091  0.0097  0.0275 
2014  0.0336  0.0535  0.0578  0.0617  0.0663  0.1237  0.1543  0.1024  0.1061  0.0685  0.0307  0.0471   0.014  0.0177  0.0133  0.0153       0   0.034 
2015  0.0718  0.1056  0.0436   0.045  0.0611  0.0984  0.0998  0.0788  0.1028  0.0773  0.0549  0.0657   0.031  0.0151  0.0155   0.005  0.0104  0.0182 
objective function: multinomial likelihood, with delta = 1e-006, N =
17 17 17 17 17 17 17 17 17 17 17 17 17 17 17 17 17 17 
20 20 20 20 20 20 20 20 20 20 20 20 20 20 20 20 20 20 
27 27 27 27 27 27 27 27 27 27 27 27 27 27 27 27 27 27 
16 16 16 16 16 16 16 16 16 16 16 16 16 16 16 16 16 16 
39 39 39 39 39 39 39 39 39 39 39 39 39 39 39 39 39 39 
30 30 30 30 30 30 30 30 30 30 30 30 30 30 30 30 30 30 
30 30 30 30 30 30 30 30 30 30 30 30 30 30 30 30 30 30 
23 23 23 23 23 23 23 23 23 23 23 23 23 23 23 23 23 23 
23 23 23 23 23 23 23 23 23 23 23 23 23 23 23 23 23 23 
42 42 42 42 42 42 42 42 42 42 42 42 42 42 42 42 42 42 
35 35 35 35 35 35 35 35 35 35 35 35 35 35 35 35 35 35 
45 45 45 45 45 45 45 45 45 45 45 45 45 45 45 45 45 45 
35 35 35 35 35 35 35 35 35 35 35 35 35 35 35 35 35 35 
19 19 19 19 19 19 19 19 19 19 19 19 19 19 19 19 19 19 
10 10 10 10 10 10 10 10 10 10 10 10 10 10 10 10 10 10 
24 24 24 24 24 24 24 24 24 24 24 24 24 24 24 24 24 24 
33 33 33 33 33 33 33 33 33 33 33 33 33 33 33 33 33 33 
33 33 33 33 33 33 33 33 33 33 33 33 33 33 33 33 33 33 
19 19 19 19 19 19 19 19 19 19 19 19 19 19 19 19 19 19 
23 23 23 23 23 23 23 23 23 23 23 23 23 23 23 23 23 23 


Ageing_error:
  Misclassification matrix:
0.904811 0.0475884 5.83201e-006 0 0 0 0 0 0 0 0 0 0 0 0 0 0 0 0 0 0 0 0 0 0 0 
0.105622 0.788391 0.105622 0.000182198 0 0 0 0 0 0 0 0 0 0 0 0 0 0 0 0 0 0 0 0 0 0 
0.00157333 0.157297 0.682248 0.157297 0.00157333 5.83201e-006 0 0 0 0 0 0 0 0 0 0 0 0 0 0 0 0 0 0 0 0 
5.57713e-005 0.00628237 0.196083 0.595158 0.196083 0.00628237 5.57713e-005 0 0 0 0 0 0 0 0 0 0 0 0 0 0 0 0 0 0 0 
5.83201e-006 0.000298814 0.0156538 0.221513 0.525057 0.221513 0.0156538 0.000298814 5.83201e-006 0 0 0 0 0 0 0 0 0 0 0 0 0 0 0 0 0 
0 3.12269e-005 0.00107309 0.0290638 0.23566 0.468343 0.23566 0.0290638 0.00107309 3.12269e-005 0 0 0 0 0 0 0 0 0 0 0 0 0 0 0 0 
0 5.83201e-006 0.000116599 0.00283592 0.0446359 0.24145 0.421911 0.24145 0.0446359 0.00283592 0.000116599 5.83201e-006 0 0 0 0 0 0 0 0 0 0 0 0 0 0 
0 0 2.21519e-005 0.000352257 0.00596373 0.0603917 0.241575 0.38339 0.241575 0.0603917 0.00596373 0.000352257 2.21519e-005 0 0 0 0 0 0 0 0 0 0 0 0 0 
0 0 5.83201e-006 6.31851e-005 0.000868915 0.0105694 0.0748871 0.238096 0.351018 0.238096 0.0748871 0.0105694 0.000868915 6.31851e-005 5.83201e-006 0 0 0 0 0 0 0 0 0 0 0 
0 0 0 1.76561e-005 0.000164542 0.00181897 0.0164674 0.0873361 0.232449 0.323492 0.232449 0.0873361 0.0164674 0.00181897 0.000164542 1.76561e-005 0 0 0 0 0 0 0 0 0 0 
0 0 0 5.83201e-006 4.07787e-005 0.000371793 0.00333349 0.0232663 0.0974771 0.225587 0.299834 0.225587 0.0974771 0.0232663 0.00333349 0.000371793 4.07787e-005 5.83201e-006 0 0 0 0 0 0 0 0 
0 0 0 0 1.50308e-005 9.43067e-005 0.000744898 0.0054839 0.0305034 0.10538 0.218125 0.279307 0.218125 0.10538 0.0305034 0.0054839 0.000744898 9.43067e-005 1.50308e-005 0 0 0 0 0 0 0 
0 0 0 0 5.83201e-006 2.92093e-005 0.000196478 0.00134764 0.00826393 0.0377512 0.111282 0.210453 0.261341 0.210453 0.111282 0.0377512 0.00826393 0.00134764 0.000196478 2.92093e-005 5.83201e-006 0 0 0 0 0 
0 0 0 0 0 1.33291e-005 6.14503e-005 0.000373715 0.0022358 0.0115952 0.0446758 0.115484 0.202813 0.245497 0.202813 0.115484 0.0446758 0.0115952 0.0022358 0.000373715 6.14503e-005 1.33291e-005 0 0 0 0 
0 0 0 0 0 5.83201e-006 2.23847e-005 0.000119357 0.000656488 0.0034463 0.0153489 0.0510516 0.118285 0.195351 0.231426 0.195351 0.118285 0.0510516 0.0153489 0.0034463 0.000656488 0.000119357 2.23847e-005 5.83201e-006 0 0 
0 0 0 0 0 0 1.21442e-005 4.36272e-005 0.00021593 0.00107579 0.00499065 0.0193728 0.0567512 0.119959 0.188153 0.218851 0.188153 0.119959 0.0567512 0.0193728 0.00499065 0.00107579 0.00021593 4.36272e-005 1.21442e-005 0 
0 0 0 0 0 0 5.83201e-006 1.79732e-005 7.9837e-005 0.000366679 0.00165898 0.00685381 0.0235146 0.0617234 0.120737 0.181266 0.207551 0.181266 0.120737 0.0617234 0.0235146 0.00685381 0.00165898 0.000366679 7.9837e-005 2.38052e-005 
0 0 0 0 0 0 0 1.1275e-005 3.29002e-005 0.000138023 0.00058849 0.00242606 0.00899788 0.027639 0.065971 0.120814 0.17471 0.197342 0.17471 0.120814 0.065971 0.027639 0.00899788 0.00242606 0.00058849 0.000182198 
0 0 0 0 0 0 0 5.83201e-006 1.49262e-005 5.72336e-005 0.000226654 0.000898098 0.00338702 0.0113686 0.0316358 0.0695307 0.120347 0.16849 0.188076 0.16849 0.120347 0.0695307 0.0316358 0.0113686 0.00338702 0.00120274 
0 0 0 0 0 0 0 0 1.0612e-005 2.59326e-005 9.50392e-005 0.000355276 0.0013104 0.00454088 0.0139031 0.0354229 0.0724585 0.119461 0.162601 0.179631 0.162601 0.119461 0.0724585 0.0354229 0.0139031 0.00633814 
0 0 0 0 0 0 0 0 5.83201e-006 1.2714e-005 4.32006e-005 0.000151246 0.000533914 0.00183694 0.00587616 0.0165362 0.0389445 0.0748191 0.118257 0.157033 0.171902 0.157033 0.118257 0.0748191 0.0389445 0.0249962 
0 0 0 0 0 0 0 0 0 1.00903e-005 2.11366e-005 6.92336e-005 0.000231508 0.000772348 0.00248477 0.00737261 0.0192065 0.0421674 0.0766787 0.116814 0.15177 0.164803 0.15177 0.116814 0.0766787 0.0723356 
0 0 0 0 0 0 0 0 0 5.83201e-006 1.10445e-005 3.39213e-005 0.000107061 0.000341957 0.00107935 0.00325586 0.00900357 0.0218593 0.0450767 0.0781016 0.115196 0.146797 0.158262 0.146797 0.115196 0.158876 
0 0 0 0 0 0 0 0 0 0 9.66971e-006 1.76823e-005 5.26864e-005 0.000160186 0.000488886 0.00146198 0.00414705 0.0107386 0.024449 0.047671 0.0791472 0.113453 0.142096 0.152214 0.142096 0.281797 
0 0 0 0 0 0 0 0 0 0 5.83201e-006 9.74506e-006 2.74726e-005 7.93813e-005 0.000232481 0.00067837 0.00192507 0.00515051 0.0125459 0.0269395 0.0499588 0.0798691 0.111622 0.137652 0.146608 0.426696 
0 0 0 0 0 0 0 0 0 0 0 9.32368e-006 1.51024e-005 4.15043e-005 0.000116268 0.00032804 0.000915896 0.00247088 0.00625455 0.0143943 0.0293038 0.0519551 0.080315 0.109736 0.133447 0.570698 

Free parameters:

q[wcsiTAN].q
lognormal with mean 0.07, c.v. 0.7 : bounds from 0.001 to 1
current value: 0.3
lower bound: 0.001
upper bound: 1

q[wcsiTRLcpue].q
uniform-log: bounds from 1e-008 to 0.001
current value: 1e-005
lower bound: 1e-008
upper bound: 0.001

initialization.B0
uniform-log: bounds from 10000 to 500000
current value: 200000
lower bound: 10000
upper bound: 500000

selectivity[wcsiTANsel].mature (parameters)
uniform:
bounds of
0.1 0.1 0.1 
100 200 200 
current values: 8 1 150 
lower bounds: 0.1 0.1 0.1 
upper bounds: 100 200 200 

selectivity[wcsiTANsel].immature (parameters)
uniform:
bounds of
3 1 0.001 
3 1 1 
current values: 3 1 0.1 
lower bounds: 3 1 0.001 
upper bounds: 3 1 1 

selectivity[wcsiTRLsel].all (parameters)
uniform:
bounds of
0 0.1 0.1 
50 200 200 
current values: 10 3 150 
lower bounds: 0 0.1 0.1 
upper bounds: 50 200 200 

selectivity[wcsiLLNsel].all (parameters)
uniform:
bounds of
1 1 
20 200 
current values: 13.34 4.23 
lower bounds: 1 1 
upper bounds: 20 200 

recruitment.YCS
lognormal with means 1 1 1 1 1 1 1 1 1 1 1 1 1 1 1 1 1 1 1 1 1 1 1 1 1 1 1 1 1 1 1 1 1 1 1 1 1 1 1 1 1 1 1 1 1 1 1 1 1 c.v.s 0.7 0.7 0.7 0.7 0.7 0.7 0.7 0.7 0.7 0.7 0.7 0.7 0.7 0.7 0.7 0.7 0.7 0.7 0.7 0.7 0.7 0.7 0.7 0.7 0.7 0.7 0.7 0.7 0.7 0.7 0.7 0.7 0.7 0.7 0.7 0.7 0.7 0.7 0.7 0.7 0.7 0.7 0.7 0.7 0.7 0.7 0.7 0.7 0.7 :
bounds of
1 1 1 1 1 1 0.01 0.01 0.01 0.01 0.01 0.01 0.01 0.01 0.01 0.01 0.01 0.01 0.01 0.01 0.01 0.01 0.01 0.01 0.01 0.01 0.01 0.01 0.01 0.01 0.01 0.01 0.01 0.01 0.01 0.01 0.01 0.01 0.01 0.01 0.01 0.01 0.01 0.01 0.01 0.01 0.01 0.01 0.01 
1 1 1 1 1 1 100 100 100 100 100 100 100 100 100 100 100 100 100 100 100 100 100 100 100 100 100 100 100 100 100 100 100 100 100 100 100 100 100 100 100 100 100 100 100 100 100 100 100 
current values: 1 1 1 1 1 1 1 1 1 1 1.17 1.12 0.62 0.83 0.53 0.7 0.68 0.74 0.76 0.9 0.9 0.92 1.25 0.87 0.8 0.72 0.78 0.67 0.81 0.75 1.02 1.06 1.61 2.46 1.87 1.3 1 1 1 1 1 1 1 1 1 1 1 1 1 
lower bounds: 1 1 1 1 1 1 0.01 0.01 0.01 0.01 0.01 0.01 0.01 0.01 0.01 0.01 0.01 0.01 0.01 0.01 0.01 0.01 0.01 0.01 0.01 0.01 0.01 0.01 0.01 0.01 0.01 0.01 0.01 0.01 0.01 0.01 0.01 0.01 0.01 0.01 0.01 0.01 0.01 0.01 0.01 0.01 0.01 0.01 0.01 
upper bounds: 1 1 1 1 1 1 100 100 100 100 100 100 100 100 100 100 100 100 100 100 100 100 100 100 100 100 100 100 100 100 100 100 100 100 100 100 100 100 100 100 100 100 100 100 100 100 100 100 100 


Q's:
qs are treated as ordinary free parameters
wcsiTAN has current value 0.3
wcsiTRLcpue has current value 1e-005

Penalties:
clp1 :
Catch limit penalty of 10000 x the sum of squares of (log(actual catch) - log(specified catch)) for fishery wcsiTRL to disencourage breaking exploitation rate limits
clp2 :
Catch limit penalty of 10000 x the sum of squares of (log(actual catch) - log(specified catch)) for fishery wcsiLLN to disencourage breaking exploitation rate limits
YCS_average_1 :
Vector average penalty of 6 x square of (mean(recruitment.YCS) - 1) 

Components of the objective function are:
  wcsiTANbio
  wcsiTRLcpue
  Tangaroa_propn_at_age_Aug
  wcsiLLNage
  wcsiTRLage
  prior_on_q[wcsiTAN].q
  prior_on_q[wcsiTRLcpue].q
  prior_on_initialization.B0
  prior_on_selectivity[wcsiTANsel].mature
  prior_on_selectivity[wcsiTANsel].immature
  prior_on_selectivity[wcsiTRLsel].all
  prior_on_selectivity[wcsiLLNsel].all
  prior_on_recruitment.YCS
  clp1
  clp2
  YCS_average_1

Random number seed : 56959


In phase 1 Minimiser achieved convergence after 41 quasi-Newton iterations using 64 objective function evaluations

In phase 2 Minimiser achieved convergence after 26 quasi-Newton iterations using 54 objective function evaluations

The following parameters were estimated at or near a bound:
Parameter        Estimate  lower_bound  upper_bound
q[wcsiTRLcpue].q  3.06158e-005  1e-008  0.001

Start extracting output from here

Point estimate:
q[wcsiTAN].q
current value: 0.0830512
lower bound: 0.001
upper bound: 1

q[wcsiTRLcpue].q
current value: 3.06158e-005
lower bound: 1e-008
upper bound: 0.001

initialization.B0
current value: 67722.3
lower bound: 10000
upper bound: 500000

selectivity[wcsiTANsel].mature (parameters)
current values: 19.3695 7.8145 150.03 
lower bounds: 0.1 0.1 0.1 
upper bounds: 100 200 200 

selectivity[wcsiTANsel].immature (parameters)
current values: 3 1 0.0803218 
lower bounds: 3 1 0.001 
upper bounds: 3 1 1 

selectivity[wcsiTRLsel].all (parameters)
current values: 13.2523 4.39145 148.188 
lower bounds: 0 0.1 0.1 
upper bounds: 50 200 200 

selectivity[wcsiLLNsel].all (parameters)
current values: 12.3481 4.54745 
lower bounds: 1 1 
upper bounds: 20 200 

recruitment.YCS
current values: 1 1 1 1 1 1 0.450682 0.469478 0.491967 0.521713 0.488271 0.533533 0.484143 0.431108 0.411251 0.432415 0.46959 0.506641 0.571051 0.65609 0.681222 0.647829 1.03296 0.611123 0.591461 0.488252 0.484778 0.485302 0.553157 0.424467 0.480361 0.43383 0.552898 0.742558 0.568485 0.790461 0.72013 0.61879 0.425976 0.403825 0.683973 0.845644 0.538949 0.630029 0.776907 0.56734 0.563503 0.56225 0.561402 
lower bounds: 1 1 1 1 1 1 0.01 0.01 0.01 0.01 0.01 0.01 0.01 0.01 0.01 0.01 0.01 0.01 0.01 0.01 0.01 0.01 0.01 0.01 0.01 0.01 0.01 0.01 0.01 0.01 0.01 0.01 0.01 0.01 0.01 0.01 0.01 0.01 0.01 0.01 0.01 0.01 0.01 0.01 0.01 0.01 0.01 0.01 0.01 
upper bounds: 1 1 1 1 1 1 100 100 100 100 100 100 100 100 100 100 100 100 100 100 100 100 100 100 100 100 100 100 100 100 100 100 100 100 100 100 100 100 100 100 100 100 100 100 100 100 100 100 100 


In a format suitable for -i :

q[wcsiTAN].q q[wcsiTRLcpue].q initialization.B0 selectivity[wcsiTANsel].mature 3 selectivity[wcsiTANsel].immature 3 selectivity[wcsiTRLsel].all 3 selectivity[wcsiLLNsel].all 2 recruitment.YCS 49 
0.0830512 3.06158e-005 67722.3 19.3695 7.8145 150.03 3 1 0.0803218 13.2523 4.39145 148.188 12.3481 4.54745 1 1 1 1 1 1 0.450682 0.469478 0.491967 0.521713 0.488271 0.533533 0.484143 0.431108 0.411251 0.432415 0.46959 0.506641 0.571051 0.65609 0.681222 0.647829 1.03296 0.611123 0.591461 0.488252 0.484778 0.485302 0.553157 0.424467 0.480361 0.43383 0.552898 0.742558 0.568485 0.790461 0.72013 0.61879 0.425976 0.403825 0.683973 0.845644 0.538949 0.630029 0.776907 0.56734 0.563503 0.56225 0.561402 

Objective function : 500.837

Components :
                                        wcsiTANbio -6.26182
                                       wcsiTRLcpue -16.5393
                         Tangaroa_propn_at_age_Aug 136.246
                                        wcsiLLNage 47.5743
                                        wcsiTRLage 355.012
                             prior_on_q[wcsiTAN].q -2.31632
                         prior_on_q[wcsiTRLcpue].q -10.394
                        prior_on_initialization.B0 11.1232
           prior_on_selectivity[wcsiTANsel].mature 0
         prior_on_selectivity[wcsiTANsel].immature 0
              prior_on_selectivity[wcsiTRLsel].all 0
              prior_on_selectivity[wcsiLLNsel].all 0
                          prior_on_recruitment.YCS -14.4729
                                              clp1 0
                                              clp2 0
                                     YCS_average_1 0.865861

Fits : 

The observations are:
wcsiTANbio
wcsiTRLcpue
Tangaroa_propn_at_age_Aug
wcsiLLNage
wcsiTRLage
Fits follow:

wcsiTANbio :
relative (with q = 0.0830512) abundances in time step 2 using selectivity wcsiTANsel:
year obs     fits    resids  Pearson_resids Normalised_resids 
2000    1861 1945.39 -84.3866 -0.164036 -0.0405816
2012    2169 1822.69 346.313 0.763654 0.832329
2013    2000 1841.24 158.758 0.317271 0.443304
2016    1635 1874.17 -239.171 -0.538649 -0.467368
2018    1682 1868.89 -186.891 -0.368888 -0.262507
objective function: lognormal likelihood, with cv = 
0.264441 
0.248805 
0.271765 
0.236916 
0.271089 

wcsiTRLcpue :
relative (with q = 3.06158e-005) abundances in time step 2 using selectivity wcsiTRLsel:
year obs     fits    resids  Pearson_resids Normalised_resids 
1987    0.34 1.25693 -0.916931 -1.79645 -3.15129
1988     0.7 1.20085 -0.500853 -1.03117 -1.19189
1989    1.45 1.14316 0.306843 0.660999 0.80394
1990    1.39 1.09386 0.296136 0.669325 0.810132
1991    0.77 1.05284 -0.282841 -0.661561 -0.605448
1992    0.82 1.01955 -0.199546 -0.479799 -0.359003
1993    0.96 1.00103 -0.0410254 -0.100469 0.0895019
1994    0.74 0.997081 -0.257081 -0.637452 -0.571406
1995    1.14 0.997819 0.142181 0.350896 0.536311
1996    1.28 0.99991 0.28009 0.69488 0.830426
1997    1.24 1.01325 0.226753 0.55328 0.713442
1998    1.23 1.03443 0.195573 0.469012 0.640282
1999    1.69 1.04783 0.64217 1.52454 1.42856
2000    0.96 1.05532 -0.095318 -0.224683 -0.0510673
2001    0.99 1.04766 -0.057662 -0.136914 0.0472507
2002    1.26 1.03158 0.22842 0.550821 0.710316
2003    0.67 1.00757 -0.337573 -0.831122 -0.857484
2004    1.28 0.979421 0.300579 0.76343 0.885064
2005    0.95 0.955764 -0.00576426 -0.0150028 0.177889
2006    0.71 0.941985 -0.231985 -0.612626 -0.536964
2007    0.53 0.925049 -0.395049 -1.05583 -1.23624
2008    0.55 0.923092 -0.373092 -0.999262 -1.13564
2009    0.42 0.936113 -0.516113 -1.36309 -1.86439
2010     0.8 0.95041 -0.15041 -0.391268 -0.247967
2011    1.05 0.964897 0.0851026 0.218794 0.411842
2012    0.97 0.979131 -0.00913127 -0.023199 0.16931
2013    1.04 0.99058 0.0494198 0.124375 0.319172
2014    0.96 0.995903 -0.0359033 -0.0898751 0.0980714
2015    1.06 1.00198 0.0580238 0.144368 0.338873
2016    1.44 1.00306 0.436945 1.08598 1.12927
2017    1.05 0.998939 0.0510608 0.12743 0.322192
2018     1.3 0.993222 0.306778 0.770016 0.889982
2019    1.26 0.99725 0.26275 0.656843 0.798594
objective function: lognormal likelihood, with cv = 
0.406079 
0.404475 
0.406079 
0.404475 
0.406079 
0.407922 
0.407922 
0.404475 
0.406079 
0.403113 
0.404475 
0.403113 
0.401995 
0.401995 
0.401995 
0.401995 
0.403113 
0.401995 
0.401995 
0.401995 
0.404475 
0.404475 
0.404475 
0.404475 
0.403113 
0.401995 
0.401123 
0.401123 
0.401123 
0.401123 
0.401123 
0.401123 
0.401123 

Tangaroa_propn_at_age_Aug :
proportions-at-age in time step 2 using selectivity wcsiTANsel with ageing error (constrained to sum to 1):
obs (last class is a plus group):
class       3       4       5       6       7       8       9      10      11      12      13      14      15      16      17      18      19      20      21      22      23 
2000   0.021  0.0433  0.0476  0.0355  0.0317  0.1025  0.0608  0.2001  0.0944  0.0794  0.1029  0.0283   0.039  0.0194  0.0247  0.0115  0.0196  0.0062  0.0044  0.0125  0.0153 
2012  0.0436  0.0477  0.0431  0.0275    0.05  0.0607  0.0761  0.0962  0.0865  0.0718  0.0601  0.0544  0.0418  0.0372  0.0187   0.045  0.0357  0.0266  0.0226  0.0203  0.0345 
2013  0.0339  0.0728  0.0483  0.0305  0.0435  0.0838  0.1055  0.1294  0.0791  0.0896  0.0721  0.0456  0.0241  0.0224  0.0141  0.0228  0.0225  0.0204  0.0127  0.0107  0.0161 
2016   0.029   0.073  0.0574  0.0297  0.0439  0.0653  0.0712  0.0976  0.0916  0.1253  0.0669  0.0725  0.0442  0.0116  0.0339  0.0129  0.0086  0.0097  0.0118  0.0072  0.0366 
fits (last class is a plus group):
class       3       4       5       6       7       8       9      10      11      12      13      14      15      16      17      18      19      20      21      22      23 
2000 0.00612762 0.0523662 0.0441556 0.04052 0.0485823 0.0700441 0.0969112 0.113335 0.105182 0.0881119 0.0733246 0.0589478 0.0456166 0.0347478 0.0264894 0.0203861 0.0158867 0.0124712 0.00974122 0.00750404 0.029549 
2012 0.00784334 0.0642996 0.0414725 0.0412648 0.0602126 0.0852721 0.100294 0.100219 0.093202 0.0793628 0.0631378 0.0510586 0.0425205 0.0353748 0.0288048 0.0229811 0.0182482 0.0146595 0.0119167 0.00963331 0.0282223 
2013 0.00940647 0.0794585 0.0585746 0.038803 0.0462553 0.0724309 0.09565 0.102375 0.0948951 0.0828585 0.0680626 0.052857 0.0412688 0.0331801 0.0268499 0.0214203 0.0168288 0.0131909 0.0104668 0.00843353 0.0267335 
2016 0.00867724 0.0734182 0.0573788 0.0522958 0.0660632 0.0696473 0.0665264 0.0728695 0.084401 0.0883024 0.0812433 0.0677388 0.0533324 0.0403293 0.0294967 0.0213335 0.0157238 0.0118661 0.00905842 0.00695151 0.0233463 
resids (last class is a plus group):
class       3       4       5       6       7       8       9      10      11      12      13      14      15      16      17      18      19      20      21      22      23 
2000 0.0148724 -0.0090662 0.0034444 -0.00502001 -0.0168823 0.0324559 -0.0361112 0.086765 -0.0107816 -0.00871185 0.0295754 -0.0306478 -0.00661659 -0.0153478 -0.00178944 -0.00888609 0.00371328 -0.00627119 -0.00534122 0.00499596 -0.014249 
2012 0.0357567 -0.0165996 0.00162755 -0.0137648 -0.0102126 -0.0245721 -0.0241938 -0.0040188 -0.00670202 -0.00756277 -0.0030378 0.00334145 -0.000720523 0.00182516 -0.0101048 0.0220189 0.0174518 0.0119405 0.0106833 0.0106667 0.00627769 
2013 0.0244935 -0.00665852 -0.0102746 -0.00830298 -0.00275529 0.0113691 0.00985002 0.0270247 -0.0157951 0.00674145 0.00403737 -0.00725703 -0.0171688 -0.0107801 -0.0127499 0.00137973 0.00567119 0.00720913 0.0022332 0.00226647 -0.0106335 
2016 0.0203228 -0.000418181 2.11761e-005 -0.0225958 -0.0221632 -0.00434733 0.00467357 0.0247305 0.00719897 0.0369976 -0.0143433 0.00476123 -0.0091324 -0.0287293 0.00440327 -0.00843352 -0.00712378 -0.00216609 0.00274158 0.000248491 0.0132537 
pearson_resids (last class is a plus group):
class       3       4       5       6       7       8       9      10      11      12      13      14      15      16      17      18      19      20      21      22      23 
2000 1.75703 -0.375223 0.154574 -0.234726 -0.723962 1.17243 -1.12538 2.52343 -0.324008 -0.283356 1.04605 -1.19969 -0.292362 -0.772629 -0.102735 -0.57973 0.273796 -0.520991 -0.501382 0.533724 -0.775775 
2012 3.90893 -0.652629 0.0787215 -0.667379 -0.414018 -0.848465 -0.77671 -0.129061 -0.222321 -0.269817 -0.120453 0.146394 -0.034437 0.0952833 -0.582618  1.4171 1.25739 0.958095 0.94945 1.05314 0.365563 
2013  2.2553 -0.218826 -0.388895 -0.382128 -0.116596 0.389855 0.297673 0.792371 -0.479032 0.21736 0.142484 -0.288279 -0.767174 -0.534963 -0.701064 0.0847027 0.391874 0.561621 0.195038 0.220292 -0.585932 
2016 1.82016 -0.0133182 0.000756356 -0.843105 -0.741172 -0.141864 0.155785 0.790341 0.215114 1.08314 -0.436093 0.157383 -0.33761 -1.21305 0.21618 -0.484825 -0.475661 -0.166165 0.240367 0.0248434 0.729092 
objective function: multinomial likelihood, with delta = 1e-006, N =
85 85 85 85 85 85 85 85 85 85 85 85 85 85 85 85 85 85 85 85 85 
93 93 93 93 93 93 93 93 93 93 93 93 93 93 93 93 93 93 93 93 93 
79 79 79 79 79 79 79 79 79 79 79 79 79 79 79 79 79 79 79 79 79 
69 69 69 69 69 69 69 69 69 69 69 69 69 69 69 69 69 69 69 69 69 

wcsiLLNage :
catch proportions-at-age for fishery wcsiLLN  with ageing error (constrained to sum to 1):
obs (last class is a plus group):
class       5       6       7       8       9      10      11      12      13      14      15      16      17      18      19      20      21      22      23 
2003  0.0001  0.0009  0.0199  0.0321  0.0401  0.0592  0.0915  0.1266  0.1053  0.0871  0.0644  0.0555  0.0633  0.0452  0.0306  0.0216  0.0102   0.008  0.1384 
2006  0.0105  0.0312  0.0667   0.104  0.1134  0.1124  0.1359  0.0919  0.0528  0.0559  0.0603  0.0568  0.0404  0.0247  0.0163  0.0044  0.0088   0.002  0.0115 
2007  0.0106   0.021  0.0519  0.0258  0.0839  0.0618  0.0705  0.0646  0.0583  0.0508  0.0385  0.1286   0.024  0.0994  0.0125  0.0075  0.0457  0.0644  0.0802 
2012  0.0001  0.0001  0.0064  0.0241  0.0395   0.058  0.0735  0.0792  0.0725  0.0775  0.0737  0.0947  0.0562  0.0703  0.0811  0.0502  0.0551  0.0303  0.0574 
2015       0       0  0.0086  0.0401  0.1038  0.1192  0.1617  0.1872   0.134  0.0885  0.0443  0.0301  0.0294  0.0206  0.0097  0.0104  0.0083  0.0002   0.004 
fits (last class is a plus group):
class       5       6       7       8       9      10      11      12      13      14      15      16      17      18      19      20      21      22      23 
2003 0.00806452 0.0141826 0.021197 0.0323587 0.0504681 0.0768956 0.106376 0.124902 0.121262 0.103896 0.0840373 0.0649802 0.0480877 0.0348059 0.0252306 0.0186057 0.0140528 0.0108608 0.0397371 
2006 0.00966584 0.013401 0.0211201 0.0328942 0.0490522 0.0645943 0.0793308 0.0935623 0.104724 0.108707 0.102179 0.0855917 0.0651821 0.0470924 0.0334838 0.0236631 0.0166868 0.0119048 0.0371641 
2007 0.0124945 0.0157861 0.0216584 0.0327257 0.0482834 0.0664439 0.0806857 0.0900302 0.0961342 0.0984572 0.095313 0.0854635 0.0698371 0.0525762 0.0376465 0.0265127 0.0186495 0.0131612 0.0381412 
2012 0.00929587 0.019515 0.034242 0.0506528 0.0677413 0.0852181 0.0929381 0.0925322 0.0898899 0.0841285 0.0746529 0.0626994 0.0506323 0.0404713 0.0327919 0.026891 0.0218494 0.0172527 0.0466051 
2015 0.0137463 0.0170791 0.0209918 0.0357877 0.0624873 0.0910821 0.110249 0.11573 0.109956 0.0943819 0.0744258 0.0570428 0.0441855 0.034479 0.0267692 0.0206682 0.0160377 0.0126466 0.0422542 
resids (last class is a plus group):
class       5       6       7       8       9      10      11      12      13      14      15      16      17      18      19      20      21      22      23 
2003 -0.00796452 -0.0132826 -0.00129698 -0.000258703 -0.0103681 -0.0176956 -0.0148756 0.00169812 -0.0159618 -0.016796 -0.0196373 -0.00948016 0.0152123 0.0103941 0.00536936 0.00299431 -0.00385282 -0.00286084 0.0986629 
2006 0.00083416 0.017799 0.0455799 0.0711058 0.0643478 0.0478057 0.0565692 -0.00166226 -0.0519243 -0.0528071 -0.0418792 -0.0287917 -0.0247821 -0.0223924 -0.0171838 -0.0192631 -0.00788679 -0.00990479 -0.0256641 
2007 -0.00189448 0.0052139 0.0302416 -0.00692569 0.0356166 -0.00464387 -0.0101857 -0.0254302 -0.0378342 -0.0476572 -0.056813 0.0431365 -0.0458371 0.0468238 -0.0251465 -0.0190127 0.0270505 0.0512388 0.0420588 
2012 -0.00919587 -0.019415 -0.027842 -0.0265528 -0.0282413 -0.0272181 -0.0194381 -0.0133322 -0.0173899 -0.00662853 -0.000952908 0.0320006 0.00556772 0.0298287 0.0483081 0.023309 0.0332506 0.0130473 0.0107949 
2015 -0.0137463 -0.0170791 -0.0123918 0.00431228 0.0413127 0.0281179 0.0514514 0.07147 0.0240439 -0.00588194 -0.0301258 -0.0269428 -0.0147855 -0.013879 -0.0170692 -0.0102682 -0.00773768 -0.0124466 -0.0382542 
pearson_resids (last class is a plus group):
class       5       6       7       8       9      10      11      12      13      14      15      16      17      18      19      20      21      22      23 
2003 -0.178098 -0.224666 -0.0180086 -0.00292401 -0.0947251 -0.132837 -0.0964951 0.0102727 -0.0977959 -0.110093 -0.141559 -0.076921 0.142203 0.113418 0.0684758 0.0443183 -0.0654637 -0.055203 1.01016 
2006 0.0225573 0.409549 0.838707 1.05477 0.788271 0.514554 0.553805 -0.0151018 -0.44866 -0.448851 -0.365823 -0.272289 -0.265619 -0.279672 -0.252724 -0.335305 -0.162898 -0.241621 -0.358953 
2007 -0.0451244 0.11067 0.549661 -0.10299 0.439591 -0.0493323 -0.0989482 -0.235066 -0.33958 -0.423214 -0.511884 0.408229 -0.475821 0.555071 -0.34954 -0.313113 0.529027 1.18954 0.580968 
2012 -0.303023 -0.443846 -0.484158 -0.382909 -0.355378 -0.308272 -0.211709 -0.145492 -0.192262 -0.0755141 -0.011465 0.417433 0.0803057 0.478666 0.857781 0.455657 0.719244 0.316861 0.161944 
2015 -0.312354 -0.348756 -0.228699 0.0614189 0.451594 0.258555 0.434635 0.591095 0.203347 -0.0532295 -0.303682 -0.307358 -0.190353 -0.201257 -0.279793 -0.190954 -0.162967 -0.294698 -0.503116 
objective function: multinomial likelihood, with delta = 1e-006, N =
4 4 4 4 4 4 4 4 4 4 4 4 4 4 4 4 4 4 4 
7 7 7 7 7 7 7 7 7 7 7 7 7 7 7 7 7 7 7 
7 7 7 7 7 7 7 7 7 7 7 7 7 7 7 7 7 7 7 
10 10 10 10 10 10 10 10 10 10 10 10 10 10 10 10 10 10 10 
7 7 7 7 7 7 7 7 7 7 7 7 7 7 7 7 7 7 7 

wcsiTRLage :
catch proportions-at-age for fishery wcsiTRL  with ageing error (constrained to sum to 1):
obs (last class is a plus group):
class       4       5       6       7       8       9      10      11      12      13      14      15      16      17      18      19      20      21 
1991  0.0018   0.008  0.0119  0.0176   0.052  0.0462  0.0837  0.0768  0.1391  0.1715  0.0676  0.0536   0.085  0.0538  0.0357  0.0127    0.01  0.0731 
1994  0.0076  0.0179  0.0344  0.0669  0.0996  0.1052  0.1101  0.1184  0.0773  0.0835  0.0833  0.0839  0.0248  0.0171  0.0196  0.0142  0.0101  0.0262 
1995  0.0165  0.0626  0.0608  0.1077  0.1484  0.1351  0.0786  0.0843  0.0657  0.0545  0.0556  0.0415  0.0289  0.0214  0.0074  0.0071  0.0044  0.0196 
1996  0.0017  0.0231  0.0821  0.0721  0.1076  0.1444  0.1013  0.0974  0.0867     0.1  0.0594  0.0347  0.0314   0.007  0.0112  0.0076  0.0066  0.0257 
1997  0.0018  0.0122  0.0474  0.0625  0.0717  0.1042  0.1121  0.1083  0.1321  0.1117  0.0713  0.0479  0.0305  0.0207  0.0204  0.0185  0.0102  0.0164 
1998  0.0019  0.0243  0.0334  0.0371  0.0994   0.196  0.1396  0.1263  0.1218   0.068  0.0622  0.0184  0.0113  0.0181  0.0061  0.0173   0.011  0.0077 
1999  0.0136  0.0289  0.0338  0.0461  0.1227  0.1527    0.15  0.1362  0.1007  0.0588  0.0448  0.0215  0.0221  0.0062   0.016  0.0092  0.0033  0.0334 
2000  0.0096  0.0177  0.0281  0.0477   0.147  0.0578  0.2156  0.1008  0.0975  0.1084  0.0326  0.0404  0.0178  0.0184  0.0111  0.0135  0.0084  0.0277 
2001  0.0137   0.054  0.0531  0.0435  0.0694  0.1047  0.1231  0.1361  0.1101  0.0749  0.0807  0.0346  0.0353  0.0133  0.0061  0.0113  0.0056  0.0306 
2002  0.0174  0.0365  0.0573  0.0396  0.1153  0.0949  0.1036   0.131  0.1223  0.0966  0.0649  0.0405  0.0199   0.017  0.0125  0.0073  0.0021  0.0212 
2003  0.0323    0.09  0.0662  0.0601  0.0849  0.0756  0.0954  0.1028  0.1177  0.0902  0.0577  0.0346  0.0249  0.0162  0.0126  0.0175  0.0043  0.0169 
2004  0.0303  0.0543  0.0779  0.0739  0.0933  0.0777  0.0685   0.098  0.1279  0.1006  0.0822  0.0503  0.0254  0.0174  0.0066   0.007   0.003  0.0055 
2005  0.0673  0.0743  0.0542  0.0528  0.0707  0.0774   0.089  0.0888  0.0793   0.073  0.0568   0.072  0.0536   0.038  0.0177   0.014  0.0131  0.0078 
2006  0.0482  0.1154  0.0778  0.0577   0.064  0.0678  0.0855  0.0879  0.0844  0.0657  0.0516   0.045  0.0498  0.0404  0.0182  0.0135  0.0022  0.0251 
2007   0.024   0.054  0.0579  0.1189  0.0652  0.0941  0.0594   0.079  0.0763   0.097  0.0632  0.0443  0.0678  0.0335  0.0164  0.0068  0.0112  0.0309 
2008  0.0383  0.1176  0.0533  0.0874  0.0888  0.0629  0.0689  0.0745  0.0758  0.0931  0.0521  0.0527  0.0438   0.029  0.0346  0.0159  0.0025  0.0087 
2012  0.0209  0.0216  0.0293  0.0554  0.0929  0.1254   0.134  0.1287  0.0827  0.0576  0.0483  0.0409  0.0293  0.0187  0.0286  0.0213  0.0213  0.0431 
2013   0.078  0.0572  0.0341  0.0437  0.1048  0.1368  0.1346  0.0974  0.0962  0.0716   0.041   0.023  0.0149  0.0093   0.011  0.0091  0.0097  0.0275 
2014  0.0336  0.0535  0.0578  0.0617  0.0663  0.1237  0.1543  0.1024  0.1061  0.0685  0.0307  0.0471   0.014  0.0177  0.0133  0.0153       0   0.034 
2015  0.0718  0.1056  0.0436   0.045  0.0611  0.0984  0.0998  0.0788  0.1028  0.0773  0.0549  0.0657   0.031  0.0151  0.0155   0.005  0.0104  0.0182 
fits (last class is a plus group):
class       4       5       6       7       8       9      10      11      12      13      14      15      16      17      18      19      20      21 
1991 0.0307985 0.0430224 0.055551 0.0680758 0.0784269 0.0871983 0.0944627 0.0961578 0.0874333 0.069289 0.0492974 0.0347308 0.0270765 0.0239731 0.0226046 0.0211063 0.0188386 0.0919571 
1994 0.0427623 0.0495896 0.0696956 0.0868364 0.0947974 0.0959012 0.0917537 0.0832473 0.0727958 0.0624316 0.0522957 0.0418486 0.0314143 0.0223497 0.0158836 0.0121256 0.0102864 0.0639851 
1995 0.0309505 0.0620424 0.069839 0.0880942 0.101438 0.102768 0.0962199 0.0852697 0.0720058 0.0590363 0.0480847 0.0389714 0.0307394 0.0230762 0.0165592 0.0118594 0.00903939 0.0540062 
1996 0.0253616 0.0486174 0.083473 0.0913787 0.103447 0.109806 0.103138 0.0893591 0.073438 0.0580824 0.045262 0.0356084 0.0282823 0.0221237 0.0166363 0.0120417 0.00870025 0.0452445 
1997 0.0211133 0.0393901 0.0686598 0.104681 0.11007 0.112478 0.109996 0.0960567 0.0774185 0.0595544 0.0447875 0.0337844 0.0260536 0.0204395 0.0159021 0.0119875 0.00875651 0.0388709 
1998 0.0196158 0.0333111 0.0558377 0.0890383 0.121981 0.122273 0.113796 0.102555 0.0837453 0.0634764 0.0464564 0.0338431 0.0250884 0.0191321 0.0148825 0.0115353 0.00872543 0.0347072 
1999 0.0194766 0.0311803 0.048047 0.0738014 0.106851 0.132748 0.126262 0.107995 0.0897802 0.0691133 0.0500221 0.0354658 0.025386 0.0186374 0.0141006 0.0108948 0.00842385 0.0318133 
2000 0.0217587 0.0315397 0.045346 0.0644323 0.0902544 0.118428 0.134375 0.121089 0.0963091 0.0744149 0.0547775 0.0386171 0.0269835 0.0191647 0.0139936 0.010529 0.00809777 0.02989 
2001 0.0190344 0.0347737 0.046735 0.0617411 0.0803869 0.102453 0.122079 0.127348 0.108969 0.0818866 0.0597036 0.0426696 0.029742 0.0206713 0.0146203 0.0106324 0.0079677 0.0285861 
2002 0.0203339 0.0319154 0.0508545 0.0641856 0.0776082 0.092348 0.107125 0.116484 0.112683 0.0923484 0.0670531 0.0472022 0.0332009 0.0230846 0.0160336 0.0113198 0.00821333 0.0280065 
2003 0.0201832 0.033428 0.0482443 0.0690758 0.0813686 0.0900175 0.0978554 0.103576 0.103532 0.0939545 0.0747043 0.053562 0.0371633 0.0259161 0.0180155 0.0125241 0.00883928 0.0280399 
2004 0.0246069 0.0338492 0.0494063 0.0663168 0.0856826 0.0939893 0.0954806 0.0951149 0.0925707 0.0862194 0.0746462 0.058415 0.041966 0.0290863 0.0201979 0.0140455 0.00978316 0.0286231 
2005 0.0332677 0.0404985 0.0502066 0.0665354 0.0823509 0.0964401 0.0983655 0.0921396 0.0845446 0.0766031 0.0677322 0.056988 0.0443525 0.03208 0.0223171 0.0154673 0.0107618 0.0293491 
2006 0.0292075 0.0513059 0.058681 0.0672675 0.0810375 0.0923862 0.0988566 0.0941199 0.0822418 0.0705717 0.0607761 0.0520895 0.0432202 0.0336629 0.0245563 0.0171965 0.0119274 0.0308956 
2007 0.0352559 0.0478346 0.0717355 0.0781797 0.0822681 0.0900211 0.0942173 0.0923797 0.0821536 0.0676098 0.0550556 0.0457807 0.0384564 0.0316178 0.024655 0.0181221 0.0127859 0.0318711 
2008 0.0343561 0.0540164 0.0684807 0.0912744 0.0942987 0.0912285 0.0909374 0.0875706 0.0793413 0.0665143 0.0524891 0.0413727 0.0336705 0.0279078 0.0227896 0.0177959 0.0131753 0.0327808 
2012 0.026153 0.0293839 0.0479877 0.0811894 0.111251 0.124288 0.119848 0.107979 0.0876818 0.0644592 0.04705 0.0354495 0.0271387 0.0207321 0.0157844 0.0121317 0.00955216 0.0319404 
2013 0.033799 0.0409467 0.0432359 0.0633292 0.0962796 0.121056 0.125396 0.112524 0.0936182 0.0717688 0.0507807 0.0357179 0.0262287 0.0198368 0.0150933 0.0114904 0.00883322 0.0300655 
2014 0.0260624 0.051895 0.0588241 0.0593815 0.0775331 0.106014 0.122565 0.118104 0.0990659 0.0769195 0.0562202 0.0389133 0.0268663 0.0193985 0.0145259 0.0110145 0.0083865 0.0283103 
2015 0.0260266 0.0425117 0.0720171 0.0778487 0.0742686 0.0865997 0.106882 0.114319  0.1034 0.0821425 0.0607138 0.0430276 0.0295358 0.0202751 0.0144828 0.010756 0.00813429 0.0270586 
resids (last class is a plus group):
class       4       5       6       7       8       9      10      11      12      13      14      15      16      17      18      19      20      21 
1991 -0.0289985 -0.0350224 -0.043651 -0.0504758 -0.0264269 -0.0409983 -0.0107627 -0.0193578 0.0516667 0.102211 0.0183026 0.0188692 0.0579235 0.0298269 0.0130954 -0.00840633 -0.00883862 -0.0188571 
1994 -0.0351623 -0.0316896 -0.0352956 -0.0199364 0.0048026 0.00929879 0.0183463 0.0351527 0.00450417 0.0210684 0.0310043 0.0420514 -0.00661431 -0.00524974 0.00371645 0.00207441 -0.000186398 -0.0377851 
1995 -0.0144505 0.000557586 -0.00903899 0.0196058 0.0469615 0.0323323 -0.0176199 -0.000969677 -0.00630583 -0.00453626 0.00751527 0.00252858 -0.00183944 -0.00167624 -0.00915917 -0.00475941 -0.00463939 -0.0344062 
1996 -0.0236616 -0.0255174 -0.00137297 -0.0192787 0.00415331 0.0345938 -0.00183788 0.00804094 0.013262 0.0419176 0.014138 -0.000908375 0.00311769 -0.0151237 -0.00543626 -0.00444173 -0.00210025 -0.0195445 
1997 -0.0193133 -0.0271901 -0.0212598 -0.0421808 -0.03837 -0.00827785 0.00210355 0.0122433 0.0546815 0.0521456 0.0265125 0.0141156 0.00444643 0.000260526 0.00449785 0.00651253 0.00144349 -0.0224709 
1998 -0.0177158 -0.00901113 -0.0224377 -0.0519383 -0.0225813 0.0737272 0.0258038 0.0237453 0.0380547 0.00452365 0.0157436 -0.0154431 -0.0137884 -0.00103212 -0.00878252 0.00576467 0.00227457 -0.0270072 
1999 -0.00587657 -0.00228035 -0.014247 -0.0277014 0.0158485 0.0199517 0.0237377 0.0282049 0.0109198 -0.0103133 -0.00522211 -0.0139658 -0.00328602 -0.0124374 0.00189936 -0.00169476 -0.00512385 0.00158672 
2000 -0.0121587 -0.0138397 -0.017246 -0.0167323 0.0567456 -0.0606277 0.0812247 -0.0202887 0.00119092 0.0339851 -0.0221775 0.00178287 -0.00918351 -0.000764743 -0.00289362 0.00297102 0.000302233 -0.00219003 
2001 -0.00533443 0.0192263 0.00636505 -0.0182411 -0.0109869 0.00224684 0.00102092 0.00875178 0.00113094 -0.00698657 0.0209964 -0.00806959 0.00555796 -0.0073713 -0.00852026 0.000667628 -0.0023677 0.0020139 
2002 -0.00293386 0.00458462 0.00644551 -0.0245856 0.0376918 0.00255202 -0.00352494 0.0145161 0.00961677 0.00425156 -0.0021531 -0.0067022 -0.0133009 -0.00608463 -0.00353361 -0.00401976 -0.00611333 -0.00680649 
2003 0.0121168 0.056572 0.0179557 -0.00897585 0.00353137 -0.0144175 -0.00245536 -0.000776149 0.0141678 -0.00375448 -0.0170043 -0.018962 -0.0122633 -0.00971608 -0.00541551 0.00497595 -0.00453928 -0.0111399 
2004 0.00569306 0.0204508 0.0284937 0.00758318 0.00761737 -0.0162893 -0.0269806 0.00288506 0.0353293 0.0143806 0.00755375 -0.00811501 -0.016566 -0.0116863 -0.0135979 -0.00704548 -0.00678316 -0.0231231 
2005 0.0340323 0.0338015 0.0039934 -0.0137354 -0.0116509 -0.0190401 -0.00936549 -0.00333964 -0.00524457 -0.00360315 -0.0109322 0.015012 0.00924747 0.00591996 -0.00461707 -0.00146731 0.00233817 -0.0215491 
2006 0.0189925 0.0640941 0.019119 -0.00956748 -0.0170375 -0.0245862 -0.0133566 -0.00621989 0.00215824 -0.0048717 -0.00917611 -0.00708945 0.00657983 0.00673711 -0.00635634 -0.00369649 -0.0097274 -0.00579565 
2007 -0.0112559 0.00616539 -0.0138355 0.0407203 -0.0170681 0.00407887 -0.0348173 -0.0133797 -0.00585364 0.0293902 0.0081444 -0.00148068 0.0293436 0.00188222 -0.00825504 -0.0113221 -0.00158589 -0.000971132 
2008 0.00394393 0.0635836 -0.0151807 -0.00387441 -0.00549873 -0.0283285 -0.0220374 -0.0130706 -0.00354126 0.0265857 -0.000389134 0.0113273 0.0101295 0.0010922 0.0118104 -0.00189592 -0.0106753 -0.0240808 
2012 -0.00525295 -0.00778393 -0.0186877 -0.0257894 -0.0183512 0.00111178 0.0141522 0.0207213 -0.00498177 -0.00685924 0.00124998 0.00545047 0.00216132 -0.00203209 0.0128156 0.00916826 0.0117478 0.0111596 
2013 0.044201 0.0162533 -0.00913589 -0.0196292 0.0085204 0.0157443 0.00920365 -0.0151239 0.00258182 -0.00016885 -0.00978073 -0.0127179 -0.0113287 -0.0105368 -0.00409332 -0.00239041 0.000866778 -0.00256548 
2014 0.00753762 0.00160497 -0.00102405 0.00231852 -0.0112331 0.0176861 0.0317347 -0.0157038 0.00703409 -0.00841948 -0.0255202 0.00818669 -0.0128663 -0.00169849 -0.00122585 0.00428546 -0.0083865 0.00568967 
2015 0.0457734 0.0630883 -0.0284171 -0.0328487 -0.0131686 0.0118003 -0.00708157 -0.0355194 -0.000600057 -0.00484252 -0.00581385 0.0226724 0.00146421 -0.00517505 0.00101715 -0.00575602 0.00226571 -0.00885861 
pearson_resids (last class is a plus group):
class       4       5       6       7       8       9      10      11      12      13      14      15      16      17      18      19      20      21 
1991 -0.692036 -0.711659 -0.785749 -0.826268 -0.405296 -0.599167 -0.151727 -0.270734 0.754162 1.65952 0.348581 0.424909 1.47144 0.803971 0.363252 -0.241133 -0.268049 -0.269062 
1994 -0.777234 -0.652801 -0.619898 -0.316619 0.0733196 0.141228 0.284216 0.569066 0.0775335 0.389442 0.622828 0.939155 -0.169577 -0.158827 0.132937 0.0847632 -0.00826169 -0.690486 
1995 -0.433568 0.0120104 -0.184278 0.359432 0.808256 0.553271 -0.310472 -0.0180412 -0.126756 -0.100008 0.182525 0.0678918 -0.0553731 -0.0580104 -0.372945 -0.228452 -0.25471 -0.790957 
1996 -0.601997 -0.474594 -0.0198553 -0.267623 0.0545516 0.442591 -0.0241716 0.112752 0.203363 0.716848 0.272043 -0.0196075 0.0752256 -0.411288 -0.17001 -0.162892 -0.0904613 -0.376146 
1997 -0.838967 -0.872924 -0.525033 -0.860448 -0.765617 -0.163616 0.0419856 0.259475 1.27776 1.37602 0.800488 0.487905 0.174318 0.0114983 0.224538 0.373712 0.0967585 -0.726022 
1998 -0.699712 -0.275044 -0.535244 -0.998872 -0.377929 1.23266 0.445055 0.428703 0.752454 0.101621 0.409706 -0.467774 -0.482898 -0.0412669 -0.397281 0.295692 0.133958 -0.808166 
1999 -0.232916 -0.071862 -0.364874 -0.580335 0.280994 0.322072 0.391446 0.497737 0.209223 -0.222705 -0.13121 -0.413583 -0.114424 -0.503714 0.0882333 -0.089421 -0.307071 0.0495195 
2000 -0.39968 -0.37977 -0.39752 -0.326836 0.949733 -0.899869 1.14216 -0.298259 0.0193599 0.621032 -0.467421 0.0443758 -0.271809 -0.0267504 -0.118141 0.139597 0.0161729 -0.0616795 
2001 -0.187221 0.503293 0.144623 -0.363468 -0.193795 0.0355341 0.0149557 0.125905 0.0174063 -0.122201 0.424988 -0.191481 0.15691 -0.248462 -0.340438 0.0312179 -0.127721 0.0579593 
2002 -0.134715 0.169033 0.19013 -0.650117 0.912978 0.0571263 -0.0738644 0.293248 0.197099 0.0951696 -0.0557893 -0.204815 -0.48113 -0.262584 -0.182321 -0.246251 -0.438969 -0.267354 
2003 0.509744 1.86193 0.495737 -0.209406 0.0764149 -0.298019 -0.0488898 -0.0150693 0.275127 -0.076129 -0.38263 -0.498245 -0.383537 -0.361778 -0.240878 0.264712 -0.286907 -0.399211 
2004 0.246509 0.758612 0.881996 0.204431 0.182564 -0.374457 -0.615873 0.0659689 0.817708 0.343683 0.192802 -0.232115 -0.554224 -0.466496 -0.648419 -0.401625 -0.46231 -0.93025 
2005 1.12269 1.01444 0.108189 -0.326061 -0.250738 -0.381589 -0.186049 -0.0683127 -0.111528 -0.0801491 -0.257379 0.383109 0.265735 0.198754 -0.18492 -0.0703451 0.134065 -0.755326 
2006 0.49164 1.26633 0.354589 -0.166492 -0.272138 -0.370096 -0.195062 -0.0928504 0.0342426 -0.0829152 -0.167411 -0.139069 0.14104 0.162821 -0.17902 -0.12394 -0.390577 -0.145997 
2007  -0.193 0.0913552 -0.169548 0.479668 -0.196432 0.0450664 -0.376893 -0.146119 -0.0674105 0.370167 0.112916 -0.0224024 0.482553 0.0340158 -0.16834 -0.268407 -0.0446377 -0.0174829 
2008 0.106078 1.37799 -0.294453 -0.0659053 -0.092177 -0.481989 -0.375489 -0.226528 -0.0641897 0.522689 -0.00854827 0.278645 0.27511 0.0324856 0.38771 -0.0702528 -0.458654 -0.662528 
2012 -0.189084 -0.264775 -0.502259 -0.54242 -0.335259 0.0193588 0.250316 0.383546 -0.101184 -0.160457 0.0339114 0.169326 0.076411 -0.0819273 0.590656 0.481097 0.693823 0.364573 
2013 1.40509 0.47116 -0.258038 -0.462983 0.165933 0.277272 0.15965 -0.274929 0.0509152 -0.00375804 -0.255915 -0.393666 -0.407212 -0.43409 -0.19286 -0.128846 0.0532147 -0.0863019 
2014 0.206224 0.0315393 -0.0189709 0.0427617 -0.183087 0.250416 0.421813 -0.2121 0.10263 -0.137729 -0.482925 0.184525 -0.346849 -0.0536797 -0.0446602 0.178976 -0.400863 0.14953 
2015 1.37878 1.49965 -0.527176 -0.58797 -0.240856 0.201218 -0.109923 -0.535342 -0.00945141 -0.0845792 -0.116757 0.535844 0.0414765 -0.176094 0.040831 -0.267614 0.120971 -0.261838 
objective function: multinomial likelihood, with delta = 1e-006, N =
17 17 17 17 17 17 17 17 17 17 17 17 17 17 17 17 17 17 
20 20 20 20 20 20 20 20 20 20 20 20 20 20 20 20 20 20 
27 27 27 27 27 27 27 27 27 27 27 27 27 27 27 27 27 27 
16 16 16 16 16 16 16 16 16 16 16 16 16 16 16 16 16 16 
39 39 39 39 39 39 39 39 39 39 39 39 39 39 39 39 39 39 
30 30 30 30 30 30 30 30 30 30 30 30 30 30 30 30 30 30 
30 30 30 30 30 30 30 30 30 30 30 30 30 30 30 30 30 30 
23 23 23 23 23 23 23 23 23 23 23 23 23 23 23 23 23 23 
23 23 23 23 23 23 23 23 23 23 23 23 23 23 23 23 23 23 
42 42 42 42 42 42 42 42 42 42 42 42 42 42 42 42 42 42 
35 35 35 35 35 35 35 35 35 35 35 35 35 35 35 35 35 35 
45 45 45 45 45 45 45 45 45 45 45 45 45 45 45 45 45 45 
35 35 35 35 35 35 35 35 35 35 35 35 35 35 35 35 35 35 
19 19 19 19 19 19 19 19 19 19 19 19 19 19 19 19 19 19 
10 10 10 10 10 10 10 10 10 10 10 10 10 10 10 10 10 10 
24 24 24 24 24 24 24 24 24 24 24 24 24 24 24 24 24 24 
33 33 33 33 33 33 33 33 33 33 33 33 33 33 33 33 33 33 
33 33 33 33 33 33 33 33 33 33 33 33 33 33 33 33 33 33 
19 19 19 19 19 19 19 19 19 19 19 19 19 19 19 19 19 19 
23 23 23 23 23 23 23 23 23 23 23 23 23 23 23 23 23 23 

Output quantities start here

* Scalar parameter values
q[wcsiTAN].q 0.0830512
q[wcsiTRLcpue].q 3.06158e-005
initialization.B0 67722.3

* Vector parameter values
recruitment.YCS 1 1 1 1 1 1 0.450682 0.469478 0.491967 0.521713 0.488271 0.533533 0.484143 0.431108 0.411251 0.432415 0.46959 0.506641 0.571051 0.65609 0.681222 0.647829 1.03296 0.611123 0.591461 0.488252 0.484778 0.485302 0.553157 0.424467 0.480361 0.43383 0.552898 0.742558 0.568485 0.790461 0.72013 0.61879 0.425976 0.403825 0.683973 0.845644 0.538949 0.630029 0.776907 0.56734 0.563503 0.56225 0.561402 

* Ogive parameter values
selectivity[wcsiTANsel].mature 0.0477603 0.0684741 0.0959681 0.131483 0.176096 0.230554 0.295079 0.369184 0.451532 0.539852 0.630961 0.720894 0.805157 0.879085 0.938257 0.978935 0.998451 0.999988 0.999918 0.999787 0.999594 0.99934 0.999024 0.998647 0.998209 0.997709 
selectivity[wcsiTANsel].immature 0.0401609 0.0763057 0.0800999 0.08031 0.0803211 0.0803217 0.0803218 0.0803218 0.0803218 0.0803218 0.0803218 0.0803218 0.0803218 0.0803218 0.0803218 0.0803218 0.0803218 0.0803218 0.0803218 0.0803218 0.0803218 0.0803218 0.0803218 0.0803218 0.0803218 0.0803218 
selectivity[wcsiTRLsel].all 0.0228707 0.046104 0.0864926 0.151008 0.245359 0.371009 0.522092 0.68374 0.833327 0.945193 0.997715 0.999982 0.999904 0.999762 0.999557 0.999289 0.998958 0.998564 0.998107 0.997588 0.997005 0.996361 0.995653 0.994884 0.994052 0.993158 
selectivity[wcsiLLNsel].all 0.00234576 0.00447258 0.00851129 0.0161378 0.0303886 0.0565011 0.102676 0.17941 0.29466 0.443896 0.603992 0.744525 0.847757 0.914088 0.953118 0.974903 0.986706 0.992998 0.996323 0.998072 0.99899 0.999471 0.999723 0.999855 0.999924 0.99996 
maturation[1].rates_all 0 0.01 0.056 0.23 0.48 0.67 0.83 0.93 0.97 1 1 1 1 1 1 1 1 1 1 1 1 1 1 1 1 1 

* Ogive arguments
maturation[1].rates_all 0 0.01 0.056 0.23 0.48 0.67 0.83 0.93 0.97 1 
selectivity[wcsiTANsel].immature 3 1 0.0803218 
selectivity[wcsiTANsel].mature 19.3695 7.8145 150.03 
selectivity[wcsiTRLsel].all 13.2523 4.39145 148.188 
selectivity[wcsiLLNsel].all 12.3481 4.54745 

* B0
67722.3

* R0
4.34907e+006

* SSBs
SSB 67722.3 67526.9 67269.4 66590.1 65533.5 64057.7 64033.2 63455.8 62473.7 60795.2 57908.2 53929 50113.7 47509.6 45571.7 44365.6 42980.1 41103.8 39227.5 37617.6 36447.8 35978.1 36128.6 36560.7 37023 38038.2 39446.1 40093.1 39896.6 38877.8 37678.8 36581.8 35600.3 34711 34083.4 33371.9 33509.1 34451.3 35489.6 36527.3 37312.6 37443.9 36868.9 36391.4 36473.5 36968.4 37253.7 37681.2 37873.6 
year 1972 1973 1974 1975 1976 1977 1978 1979 1980 1981 1982 1983 1984 1985 1986 1987 1988 1989 1990 1991 1992 1993 1994 1995 1996 1997 1998 1999 2000 2001 2002 2003 2004 2005 2006 2007 2008 2009 2010 2011 2012 2013 2014 2015 2016 2017 2018 2019 2020 

* YCS
YCS 1 1 1 1 1 1 0.450682 0.469478 0.491967 0.521713 0.84612 0.924555 0.838967 0.747064 0.712653 0.749328 0.813749 0.877954 0.98957 1.13693 1.18048 1.12262 1.79 1.05901 1.02494 0.846088 0.840068 0.840976 0.958561 0.735556 0.832413 0.75178 0.958113 1.28677 0.985122 1.36978 1.24791 1.0723 0.73817 0.699785 1.18525 1.46541 0.933939 1.09177 1.34629 0.56734 0.563503 0.56225 0.561402 
year 1968 1969 1970 1971 1972 1973 1974 1975 1976 1977 1978 1979 1980 1981 1982 1983 1984 1985 1986 1987 1988 1989 1990 1991 1992 1993 1994 1995 1996 1997 1998 1999 2000 2001 2002 2003 2004 2005 2006 2007 2008 2009 2010 2011 2012 2013 2014 2015 2016 

* true_YCS
true_YCS 1 1 1 1 1 0.999862 0.450537 0.469098 0.491186 0.520296 0.843805 0.921604 0.835624 0.743032 0.706948 0.740312 0.800357 0.860521 0.967184 1.10913 1.14899 1.08903 1.73016 1.02013 0.984703 0.811973 0.806484 0.808174 0.92215 0.709202 0.804937 0.727894 0.927315 1.24286 0.949086 1.31642 1.1965 1.02584 0.705035 0.667087 1.1303 1.40098 0.895222 1.04911 1.296 0.546303 0.541909 0.540107 0.539396 
year 1968 1969 1970 1971 1972 1973 1974 1975 1976 1977 1978 1979 1980 1981 1982 1983 1984 1985 1986 1987 1988 1989 1990 1991 1992 1993 1994 1995 1996 1997 1998 1999 2000 2001 2002 2003 2004 2005 2006 2007 2008 2009 2010 2011 2012 2013 2014 2015 2016 

* actual_catches
wcsiTRL 0 284 192 265 259 253 175 772 912 1059 1400 1646 1463 1360 1453 1305 2303 2394 2419 2353 1668 1709 1213 1927 2012 1985 2141 2510 2605 2675 2644 2313 2348 1780 2114 1601 1175 1312 1636 2096 2098 2205 1658 1823 1823 2056 2092 1835 1835 
wcsiLLN 0 66 53 529 963 1523 188 515 515 646 829 1123 942 355 486 437 469 452 437 396 676 760 918 1136 1227 1222 1158 1250 1070 1134 951 943 949 995 803 1143 1289 1216 1292 1223 1174 1203 1390 1351 1351 1371 1395 1223 1223 
year 1972 1973 1974 1975 1976 1977 1978 1979 1980 1981 1982 1983 1984 1985 1986 1987 1988 1989 1990 1991 1992 1993 1994 1995 1996 1997 1998 1999 2000 2001 2002 2003 2004 2005 2006 2007 2008 2009 2010 2011 2012 2013 2014 2015 2016 2017 2018 2019 2020 

* fishing_pressures
wcsiTRL 0 0.00453022 0.00307686 0.00429028 0.00426517 0.00426902 0.0029592 0.013149 0.0158181 0.0188534 0.0258518 0.0320772 0.030319 0.0296467 0.0333362 0.0313557 0.0572669 0.0624042 0.0658049 0.0664906 0.0490569 0.0511601 0.0366912 0.0577535 0.0601366 0.058597 0.0618257 0.071261 0.0733359 0.0757376 0.0759825 0.0682684 0.0712037 0.0556952 0.0668008 0.0518598 0.0383677 0.0421882 0.0516264 0.0648042 0.0639376 0.0663372 0.0499411 0.0544658 0.0544102 0.0614475 0.0628588 0.0550882 0.0548383 
wcsiLLN 0 0.00150277 0.00121354 0.0121584 0.0224348 0.0362296 0.00461061 0.0126467 0.0128654 0.0164502 0.0216364 0.0303804 0.0267973 0.0105958 0.0150825 0.0142975 0.0162074 0.0169619 0.017789 0.0173504 0.0314661 0.0368993 0.0463326 0.0586501 0.0660866 0.0681982 0.0658132 0.0712248 0.0610524 0.0638671 0.0529635 0.051808 0.0515655 0.0543944 0.0441253 0.0639174 0.0735818 0.0703178 0.0754276 0.0724816 0.0706159 0.0723472 0.0829846 0.0788692 0.0772655 0.0772056 0.0785936 0.0695758 0.0693668 
year 1972 1973 1974 1975 1976 1977 1978 1979 1980 1981 1982 1983 1984 1985 1986 1987 1988 1989 1990 1991 1992 1993 1994 1995 1996 1997 1998 1999 2000 2001 2002 2003 2004 2005 2006 2007 2008 2009 2010 2011 2012 2013 2014 2015 2016 2017 2018 2019 2020 

* wcsiTANbio.fits
2000  1945.39 
2012  1822.69 
2013  1841.24 
2016  1874.17 
2018  1868.89 

* wcsiTRLcpue.fits
1987  1.25693 
1988  1.20085 
1989  1.14316 
1990  1.09386 
1991  1.05284 
1992  1.01955 
1993  1.00103 
1994  0.997081 
1995  0.997819 
1996  0.99991 
1997  1.01325 
1998  1.03443 
1999  1.04783 
2000  1.05532 
2001  1.04766 
2002  1.03158 
2003  1.00757 
2004  0.979421 
2005  0.955764 
2006  0.941985 
2007  0.925049 
2008  0.923092 
2009  0.936113 
2010  0.95041 
2011  0.964897 
2012  0.979131 
2013  0.99058 
2014  0.995903 
2015  1.00198 
2016  1.00306 
2017  0.998939 
2018  0.993222 
2019  0.99725 

* Tangaroa_propn_at_age_Aug.fits
2000  0.00612762 0.0523662 0.0441556 0.04052 0.0485823 0.0700441 0.0969112 0.113335 0.105182 0.0881119 0.0733246 0.0589478 0.0456166 0.0347478 0.0264894 0.0203861 0.0158867 0.0124712 0.00974122 0.00750404 0.029549 
2012  0.00784334 0.0642996 0.0414725 0.0412648 0.0602126 0.0852721 0.100294 0.100219 0.093202 0.0793628 0.0631378 0.0510586 0.0425205 0.0353748 0.0288048 0.0229811 0.0182482 0.0146595 0.0119167 0.00963331 0.0282223 
2013  0.00940647 0.0794585 0.0585746 0.038803 0.0462553 0.0724309 0.09565 0.102375 0.0948951 0.0828585 0.0680626 0.052857 0.0412688 0.0331801 0.0268499 0.0214203 0.0168288 0.0131909 0.0104668 0.00843353 0.0267335 
2016  0.00867724 0.0734182 0.0573788 0.0522958 0.0660632 0.0696473 0.0665264 0.0728695 0.084401 0.0883024 0.0812433 0.0677388 0.0533324 0.0403293 0.0294967 0.0213335 0.0157238 0.0118661 0.00905842 0.00695151 0.0233463 

* wcsiLLNage.fits
2003  0.00806452 0.0141826 0.021197 0.0323587 0.0504681 0.0768956 0.106376 0.124902 0.121262 0.103896 0.0840373 0.0649802 0.0480877 0.0348059 0.0252306 0.0186057 0.0140528 0.0108608 0.0397371 
2006  0.00966584 0.013401 0.0211201 0.0328942 0.0490522 0.0645943 0.0793308 0.0935623 0.104724 0.108707 0.102179 0.0855917 0.0651821 0.0470924 0.0334838 0.0236631 0.0166868 0.0119048 0.0371641 
2007  0.0124945 0.0157861 0.0216584 0.0327257 0.0482834 0.0664439 0.0806857 0.0900302 0.0961342 0.0984572 0.095313 0.0854635 0.0698371 0.0525762 0.0376465 0.0265127 0.0186495 0.0131612 0.0381412 
2012  0.00929587 0.019515 0.034242 0.0506528 0.0677413 0.0852181 0.0929381 0.0925322 0.0898899 0.0841285 0.0746529 0.0626994 0.0506323 0.0404713 0.0327919 0.026891 0.0218494 0.0172527 0.0466051 
2015  0.0137463 0.0170791 0.0209918 0.0357877 0.0624873 0.0910821 0.110249 0.11573 0.109956 0.0943819 0.0744258 0.0570428 0.0441855 0.034479 0.0267692 0.0206682 0.0160377 0.0126466 0.0422542 

* wcsiTRLage.fits
1991  0.0307985 0.0430224 0.055551 0.0680758 0.0784269 0.0871983 0.0944627 0.0961578 0.0874333 0.069289 0.0492974 0.0347308 0.0270765 0.0239731 0.0226046 0.0211063 0.0188386 0.0919571 
1994  0.0427623 0.0495896 0.0696956 0.0868364 0.0947974 0.0959012 0.0917537 0.0832473 0.0727958 0.0624316 0.0522957 0.0418486 0.0314143 0.0223497 0.0158836 0.0121256 0.0102864 0.0639851 
1995  0.0309505 0.0620424 0.069839 0.0880942 0.101438 0.102768 0.0962199 0.0852697 0.0720058 0.0590363 0.0480847 0.0389714 0.0307394 0.0230762 0.0165592 0.0118594 0.00903939 0.0540062 
1996  0.0253616 0.0486174 0.083473 0.0913787 0.103447 0.109806 0.103138 0.0893591 0.073438 0.0580824 0.045262 0.0356084 0.0282823 0.0221237 0.0166363 0.0120417 0.00870025 0.0452445 
1997  0.0211133 0.0393901 0.0686598 0.104681 0.11007 0.112478 0.109996 0.0960567 0.0774185 0.0595544 0.0447875 0.0337844 0.0260536 0.0204395 0.0159021 0.0119875 0.00875651 0.0388709 
1998  0.0196158 0.0333111 0.0558377 0.0890383 0.121981 0.122273 0.113796 0.102555 0.0837453 0.0634764 0.0464564 0.0338431 0.0250884 0.0191321 0.0148825 0.0115353 0.00872543 0.0347072 
1999  0.0194766 0.0311803 0.048047 0.0738014 0.106851 0.132748 0.126262 0.107995 0.0897802 0.0691133 0.0500221 0.0354658 0.025386 0.0186374 0.0141006 0.0108948 0.00842385 0.0318133 
2000  0.0217587 0.0315397 0.045346 0.0644323 0.0902544 0.118428 0.134375 0.121089 0.0963091 0.0744149 0.0547775 0.0386171 0.0269835 0.0191647 0.0139936 0.010529 0.00809777 0.02989 
2001  0.0190344 0.0347737 0.046735 0.0617411 0.0803869 0.102453 0.122079 0.127348 0.108969 0.0818866 0.0597036 0.0426696 0.029742 0.0206713 0.0146203 0.0106324 0.0079677 0.0285861 
2002  0.0203339 0.0319154 0.0508545 0.0641856 0.0776082 0.092348 0.107125 0.116484 0.112683 0.0923484 0.0670531 0.0472022 0.0332009 0.0230846 0.0160336 0.0113198 0.00821333 0.0280065 
2003  0.0201832 0.033428 0.0482443 0.0690758 0.0813686 0.0900175 0.0978554 0.103576 0.103532 0.0939545 0.0747043 0.053562 0.0371633 0.0259161 0.0180155 0.0125241 0.00883928 0.0280399 
2004  0.0246069 0.0338492 0.0494063 0.0663168 0.0856826 0.0939893 0.0954806 0.0951149 0.0925707 0.0862194 0.0746462 0.058415 0.041966 0.0290863 0.0201979 0.0140455 0.00978316 0.0286231 
2005  0.0332677 0.0404985 0.0502066 0.0665354 0.0823509 0.0964401 0.0983655 0.0921396 0.0845446 0.0766031 0.0677322 0.056988 0.0443525 0.03208 0.0223171 0.0154673 0.0107618 0.0293491 
2006  0.0292075 0.0513059 0.058681 0.0672675 0.0810375 0.0923862 0.0988566 0.0941199 0.0822418 0.0705717 0.0607761 0.0520895 0.0432202 0.0336629 0.0245563 0.0171965 0.0119274 0.0308956 
2007  0.0352559 0.0478346 0.0717355 0.0781797 0.0822681 0.0900211 0.0942173 0.0923797 0.0821536 0.0676098 0.0550556 0.0457807 0.0384564 0.0316178 0.024655 0.0181221 0.0127859 0.0318711 
2008  0.0343561 0.0540164 0.0684807 0.0912744 0.0942987 0.0912285 0.0909374 0.0875706 0.0793413 0.0665143 0.0524891 0.0413727 0.0336705 0.0279078 0.0227896 0.0177959 0.0131753 0.0327808 
2012  0.026153 0.0293839 0.0479877 0.0811894 0.111251 0.124288 0.119848 0.107979 0.0876818 0.0644592 0.04705 0.0354495 0.0271387 0.0207321 0.0157844 0.0121317 0.00955216 0.0319404 
2013  0.033799 0.0409467 0.0432359 0.0633292 0.0962796 0.121056 0.125396 0.112524 0.0936182 0.0717688 0.0507807 0.0357179 0.0262287 0.0198368 0.0150933 0.0114904 0.00883322 0.0300655 
2014  0.0260624 0.051895 0.0588241 0.0593815 0.0775331 0.106014 0.122565 0.118104 0.0990659 0.0769195 0.0562202 0.0389133 0.0268663 0.0193985 0.0145259 0.0110145 0.0083865 0.0283103 
2015  0.0260266 0.0425117 0.0720171 0.0778487 0.0742686 0.0865997 0.106882 0.114319 0.1034 0.0821425 0.0607138 0.0430276 0.0295358 0.0202751 0.0144828 0.010756 0.00813429 0.0270586 

* wcsiTANbio.pearson_resids
2000  -0.164036 
2012  0.763654 
2013  0.317271 
2016  -0.538649 
2018  -0.368888 

* wcsiTRLcpue.pearson_resids
1987  -1.79645 
1988  -1.03117 
1989  0.660999 
1990  0.669325 
1991  -0.661561 
1992  -0.479799 
1993  -0.100469 
1994  -0.637452 
1995  0.350896 
1996  0.69488 
1997  0.55328 
1998  0.469012 
1999  1.52454 
2000  -0.224683 
2001  -0.136914 
2002  0.550821 
2003  -0.831122 
2004  0.76343 
2005  -0.0150028 
2006  -0.612626 
2007  -1.05583 
2008  -0.999262 
2009  -1.36309 
2010  -0.391268 
2011  0.218794 
2012  -0.023199 
2013  0.124375 
2014  -0.0898751 
2015  0.144368 
2016  1.08598 
2017  0.12743 
2018  0.770016 
2019  0.656843 

* Tangaroa_propn_at_age_Aug.pearson_resids
2000  1.75703 -0.375223 0.154574 -0.234726 -0.723962 1.17243 -1.12538 2.52343 -0.324008 -0.283356 1.04605 -1.19969 -0.292362 -0.772629 -0.102735 -0.57973 0.273796 -0.520991 -0.501382 0.533724 -0.775775 
2012  3.90893 -0.652629 0.0787215 -0.667379 -0.414018 -0.848465 -0.77671 -0.129061 -0.222321 -0.269817 -0.120453 0.146394 -0.034437 0.0952833 -0.582618 1.4171 1.25739 0.958095 0.94945 1.05314 0.365563 
2013  2.2553 -0.218826 -0.388895 -0.382128 -0.116596 0.389855 0.297673 0.792371 -0.479032 0.21736 0.142484 -0.288279 -0.767174 -0.534963 -0.701064 0.0847027 0.391874 0.561621 0.195038 0.220292 -0.585932 
2016  1.82016 -0.0133182 0.000756356 -0.843105 -0.741172 -0.141864 0.155785 0.790341 0.215114 1.08314 -0.436093 0.157383 -0.33761 -1.21305 0.21618 -0.484825 -0.475661 -0.166165 0.240367 0.0248434 0.729092 

* wcsiLLNage.pearson_resids
2003  -0.178098 -0.224666 -0.0180086 -0.00292401 -0.0947251 -0.132837 -0.0964951 0.0102727 -0.0977959 -0.110093 -0.141559 -0.076921 0.142203 0.113418 0.0684758 0.0443183 -0.0654637 -0.055203 1.01016 
2006  0.0225573 0.409549 0.838707 1.05477 0.788271 0.514554 0.553805 -0.0151018 -0.44866 -0.448851 -0.365823 -0.272289 -0.265619 -0.279672 -0.252724 -0.335305 -0.162898 -0.241621 -0.358953 
2007  -0.0451244 0.11067 0.549661 -0.10299 0.439591 -0.0493323 -0.0989482 -0.235066 -0.33958 -0.423214 -0.511884 0.408229 -0.475821 0.555071 -0.34954 -0.313113 0.529027 1.18954 0.580968 
2012  -0.303023 -0.443846 -0.484158 -0.382909 -0.355378 -0.308272 -0.211709 -0.145492 -0.192262 -0.0755141 -0.011465 0.417433 0.0803057 0.478666 0.857781 0.455657 0.719244 0.316861 0.161944 
2015  -0.312354 -0.348756 -0.228699 0.0614189 0.451594 0.258555 0.434635 0.591095 0.203347 -0.0532295 -0.303682 -0.307358 -0.190353 -0.201257 -0.279793 -0.190954 -0.162967 -0.294698 -0.503116 

* wcsiTRLage.pearson_resids
1991  -0.692036 -0.711659 -0.785749 -0.826268 -0.405296 -0.599167 -0.151727 -0.270734 0.754162 1.65952 0.348581 0.424909 1.47144 0.803971 0.363252 -0.241133 -0.268049 -0.269062 
1994  -0.777234 -0.652801 -0.619898 -0.316619 0.0733196 0.141228 0.284216 0.569066 0.0775335 0.389442 0.622828 0.939155 -0.169577 -0.158827 0.132937 0.0847632 -0.00826169 -0.690486 
1995  -0.433568 0.0120104 -0.184278 0.359432 0.808256 0.553271 -0.310472 -0.0180412 -0.126756 -0.100008 0.182525 0.0678918 -0.0553731 -0.0580104 -0.372945 -0.228452 -0.25471 -0.790957 
1996  -0.601997 -0.474594 -0.0198553 -0.267623 0.0545516 0.442591 -0.0241716 0.112752 0.203363 0.716848 0.272043 -0.0196075 0.0752256 -0.411288 -0.17001 -0.162892 -0.0904613 -0.376146 
1997  -0.838967 -0.872924 -0.525033 -0.860448 -0.765617 -0.163616 0.0419856 0.259475 1.27776 1.37602 0.800488 0.487905 0.174318 0.0114983 0.224538 0.373712 0.0967585 -0.726022 
1998  -0.699712 -0.275044 -0.535244 -0.998872 -0.377929 1.23266 0.445055 0.428703 0.752454 0.101621 0.409706 -0.467774 -0.482898 -0.0412669 -0.397281 0.295692 0.133958 -0.808166 
1999  -0.232916 -0.071862 -0.364874 -0.580335 0.280994 0.322072 0.391446 0.497737 0.209223 -0.222705 -0.13121 -0.413583 -0.114424 -0.503714 0.0882333 -0.089421 -0.307071 0.0495195 
2000  -0.39968 -0.37977 -0.39752 -0.326836 0.949733 -0.899869 1.14216 -0.298259 0.0193599 0.621032 -0.467421 0.0443758 -0.271809 -0.0267504 -0.118141 0.139597 0.0161729 -0.0616795 
2001  -0.187221 0.503293 0.144623 -0.363468 -0.193795 0.0355341 0.0149557 0.125905 0.0174063 -0.122201 0.424988 -0.191481 0.15691 -0.248462 -0.340438 0.0312179 -0.127721 0.0579593 
2002  -0.134715 0.169033 0.19013 -0.650117 0.912978 0.0571263 -0.0738644 0.293248 0.197099 0.0951696 -0.0557893 -0.204815 -0.48113 -0.262584 -0.182321 -0.246251 -0.438969 -0.267354 
2003  0.509744 1.86193 0.495737 -0.209406 0.0764149 -0.298019 -0.0488898 -0.0150693 0.275127 -0.076129 -0.38263 -0.498245 -0.383537 -0.361778 -0.240878 0.264712 -0.286907 -0.399211 
2004  0.246509 0.758612 0.881996 0.204431 0.182564 -0.374457 -0.615873 0.0659689 0.817708 0.343683 0.192802 -0.232115 -0.554224 -0.466496 -0.648419 -0.401625 -0.46231 -0.93025 
2005  1.12269 1.01444 0.108189 -0.326061 -0.250738 -0.381589 -0.186049 -0.0683127 -0.111528 -0.0801491 -0.257379 0.383109 0.265735 0.198754 -0.18492 -0.0703451 0.134065 -0.755326 
2006  0.49164 1.26633 0.354589 -0.166492 -0.272138 -0.370096 -0.195062 -0.0928504 0.0342426 -0.0829152 -0.167411 -0.139069 0.14104 0.162821 -0.17902 -0.12394 -0.390577 -0.145997 
2007  -0.193 0.0913552 -0.169548 0.479668 -0.196432 0.0450664 -0.376893 -0.146119 -0.0674105 0.370167 0.112916 -0.0224024 0.482553 0.0340158 -0.16834 -0.268407 -0.0446377 -0.0174829 
2008  0.106078 1.37799 -0.294453 -0.0659053 -0.092177 -0.481989 -0.375489 -0.226528 -0.0641897 0.522689 -0.00854827 0.278645 0.27511 0.0324856 0.38771 -0.0702528 -0.458654 -0.662528 
2012  -0.189084 -0.264775 -0.502259 -0.54242 -0.335259 0.0193588 0.250316 0.383546 -0.101184 -0.160457 0.0339114 0.169326 0.076411 -0.0819273 0.590656 0.481097 0.693823 0.364573 
2013  1.40509 0.47116 -0.258038 -0.462983 0.165933 0.277272 0.15965 -0.274929 0.0509152 -0.00375804 -0.255915 -0.393666 -0.407212 -0.43409 -0.19286 -0.128846 0.0532147 -0.0863019 
2014  0.206224 0.0315393 -0.0189709 0.0427617 -0.183087 0.250416 0.421813 -0.2121 0.10263 -0.137729 -0.482925 0.184525 -0.346849 -0.0536797 -0.0446602 0.178976 -0.400863 0.14953 
2015  1.37878 1.49965 -0.527176 -0.58797 -0.240856 0.201218 -0.109923 -0.535342 -0.00945141 -0.0845792 -0.116757 0.535844 0.0414765 -0.176094 0.040831 -0.267614 0.120971 -0.261838 

* wcsiTANbio.normalised_resids
2000  -0.0405816 
2012  0.832329 
2013  0.443304 
2016  -0.467368 
2018  -0.262507 

* wcsiTRLcpue.normalised_resids
1987  -3.15129 
1988  -1.19189 
1989  0.80394 
1990  0.810132 
1991  -0.605448 
1992  -0.359003 
1993  0.0895019 
1994  -0.571406 
1995  0.536311 
1996  0.830426 
1997  0.713442 
1998  0.640282 
1999  1.42856 
2000  -0.0510673 
2001  0.0472507 
2002  0.710316 
2003  -0.857484 
2004  0.885064 
2005  0.177889 
2006  -0.536964 
2007  -1.23624 
2008  -1.13564 
2009  -1.86439 
2010  -0.247967 
2011  0.411842 
2012  0.16931 
2013  0.319172 
2014  0.0980714 
2015  0.338873 
2016  1.12927 
2017  0.322192 
2018  0.889982 
2019  0.798594 

* TRL
1972  62766.3 
1973  62579.1 
1974  62331 
1975  61664.8 
1976  60624.4 
1977  59166.8 
1978  59074.4 
1979  58384.8 
1980  57265.2 
1981  55711.9 
1982  53539.4 
1983  50582.4 
1984  47602.5 
1985  45270.6 
1986  42948.1 
1987  41055 
1988  39223.3 
1989  37338.8 
1990  35728.8 
1991  34388.8 
1992  33301.3 
1993  32696.4 
1994  32567.5 
1995  32591.7 
1996  32660 
1997  33095.6 
1998  33787.4 
1999  34225.1 
2000  34469.7 
2001  34219.7 
2002  33694.4 
2003  32910.3 
2004  31990.7 
2005  31218 
2006  30768 
2007  30214.8 
2008  30150.9 
2009  30576.2 
2010  31043.1 
2011  31516.3 
2012  31981.3 
2013  32355.2 
2014  32529.1 
2015  32727.4 
2016  32762.7 

Output quantities finish here

